"Matches found in filtered_8ef5 (2)(AlphaFold)","Description","Residues","Query","Database Hits","Heteroatoms Notes in Database hit","RMSD","Viewer"
"P35372","MU-TYPE OPIOID RECEPTOR","Q; N; D; C;","R 126   ; R 129   ; R 149   ; R 219   ;","A 126   ; A 129   ; A 149   ; A 219   ;","none; none; none; none","0.79 A","./target.php?radio=27363731750055518|tfrg|126:A or 129:A or 149:A or 219:A|0.3307,0.9423,-0.0525,106.241,0.8631,-0.2794,0.4206,109.432,0.3817,-0.1844,-0.9057,139.345,0.0,0.0,0.0,1.0&db=afhuman&afid=P35372"
"O60494","CUBILIN","D; C; Q; N;","M 149   ; M 219   ; R 126   ; R 129   ;","A1027   ; A1005   ; A 745   ; A 792   ;","none; none; none; none","0.90 A","./target.php?radio=27363731750055518|esyu|1027:A or 1005:A or 745:A or 792:A|0.6743,-0.5874,-0.4474,123.458,-0.0569,0.5628,-0.8247,123.949,0.7362,0.5816,0.3460,132.065,0.0,0.0,0.0,1.0&db=afhuman&afid=O60494"
"O60494","CUBILIN","D; C; D; C;","M 149   ; M 219   ; R 149   ; R 219   ;","A 233   ; A 211   ; A  46   ; A 746   ;","none; none; none; none","0.95 A","./target.php?radio=27363731750055518|ftrr|233:A or 211:A or 46:A or 746:A|-0.9025,0.1181,-0.4142,83.728,0.0505,-0.9260,-0.3740,129.129,-0.4277,-0.3585,0.8298,114.183,0.0,0.0,0.0,1.0&db=afhuman&afid=O60494"
"Q96DT5","DYNEIN HEAVY CHAIN 11, AXONEMAL","D; Q; D; C;","M 149   ; R 126   ; R 149   ; R 219   ;","A 463   ; A  32   ; A  73   ; A  49   ;","none; none; none; none","0.96 A","./target.php?radio=27363731750055518|rsvv|463:A or 32:A or 73:A or 49:A|0.6355,-0.5895,-0.4986,144.420,0.5268,0.8032,-0.2781,135.110,0.5644,-0.0859,0.8210,127.887,0.0,0.0,0.0,1.0&db=afhuman&afid=Q96DT5"
"Q07954","PROLOW-DENSITY LIPOPROTEIN RECEPTOR-RELATED PROTEIN","D; C; D; C;","M 149   ; M 219   ; R 149   ; R 219   ;","A1235   ; A1247   ; A1004   ; A1026   ;","none; none; none; none","0.96 A","./target.php?radio=27363731750055518|qjzp|1235:A or 1247:A or 1004:A or 1026:A|-0.3990,-0.9103,-0.1104,101.455,0.9152,-0.4028,0.0135,139.051,-0.0567,-0.0957,0.9938,96.643,0.0,0.0,0.0,1.0&db=afhuman&afid=Q07954"
"Q07954","PROLOW-DENSITY LIPOPROTEIN RECEPTOR-RELATED PROTEIN","D; C; D; C;","M 149   ; M 219   ; R 149   ; R 219   ;","A1004   ; A1026   ; A1235   ; A1247   ;","none; none; none; none","0.97 A","./target.php?radio=27363731750055518|qjzp|1004:A or 1026:A or 1235:A or 1247:A|-0.3278,0.8754,0.3553,106.909,0.6825,0.4794,-0.5517,157.682,-0.6533,0.0616,-0.7546,132.983,0.0,0.0,0.0,1.0&db=afhuman&afid=Q07954"
"Q6R2W3","SCAN DOMAIN-CONTAINING PROTEIN 3","D; Q; N; D;","M 149   ; R 126   ; R 129   ; R 149   ;","A1170   ; A1207   ; A1208   ; A1131   ;","none; none; none; none","1.01 A","./target.php?radio=27363731750055518|euus|1170:A or 1207:A or 1208:A or 1131:A|0.2385,-0.1667,-0.9567,103.912,0.8806,0.4525,0.1407,130.003,0.4095,-0.8760,0.2547,159.449,0.0,0.0,0.0,1.0&db=afhuman&afid=Q6R2W3"
"Q709C8","VACUOLAR PROTEIN SORTING-ASSOCIATED PROTEIN 13C","D; Q; N; D;","M 149   ; R 126   ; R 129   ; R 149   ;","A 738   ; A 176   ; A 158   ; A 884   ;","none; none; none; none","1.01 A","./target.php?radio=27363731750055518|qxqs|738:A or 176:A or 158:A or 884:A|-0.3287,-0.9427,0.0569,112.386,0.9071,-0.3319,-0.2590,142.643,0.2630,-0.0335,0.9642,116.525,0.0,0.0,0.0,1.0&db=afhuman&afid=Q709C8"
"Q8TE73","DYNEIN HEAVY CHAIN 5, AXONEMAL","C; Q; N; D;","M 219   ; R 126   ; R 129   ; R 149   ;","A  78   ; A 491   ; A 435   ; A 438   ;","none; none; none; none","1.01 A","./target.php?radio=27363731750055518|kmsl|78:A or 491:A or 435:A or 438:A|0.0520,0.7322,-0.6791,106.822,-0.0271,0.6808,0.7320,97.842,0.9983,-0.0196,0.0552,125.451,0.0,0.0,0.0,1.0&db=afhuman&afid=Q8TE73"
"Q9HAZ2","HISTONE-LYSINE N-METHYLTRANSFERASE PRDM16","D; C; Q; N;","M 149   ; M 219   ; R 126   ; R 129   ;","A 332   ; A 311   ; A 181   ; A 182   ;","none; none; none; none","1.03 A","./target.php?radio=27363731750055518|onmq|332:A or 311:A or 181:A or 182:A|-0.7506,0.6245,0.2159,119.615,0.1419,-0.1668,0.9757,140.648,0.6453,0.7630,0.0366,113.204,0.0,0.0,0.0,1.0&db=afhuman&afid=Q9HAZ2"
"Q6N022","TENEURIN-4","D; C; N; D;","M 149   ; M 219   ; R 129   ; R 149   ;","A 375   ; A 392   ; A 488   ; A 461   ;","none; none; none; none","1.04 A","./target.php?radio=27363731750055518|xskr|375:A or 392:A or 488:A or 461:A|0.7419,0.4533,0.4940,126.293,0.6302,-0.2199,-0.7447,111.961,-0.2289,0.8638,-0.4489,178.338,0.0,0.0,0.0,1.0&db=afhuman&afid=Q6N022"
"Q96DT5","DYNEIN HEAVY CHAIN 11, AXONEMAL","D; Q; D; C;","M 149   ; R 126   ; R 149   ; R 219   ;","A 663   ; A 232   ; A 273   ; A 249   ;","none; none; none; none","1.05 A","./target.php?radio=27363731750055518|ehio|663:A or 232:A or 273:A or 249:A|-0.9783,-0.0096,-0.2069,138.564,-0.2033,-0.1457,0.9682,123.512,-0.0394,0.9893,0.1406,133.025,0.0,0.0,0.0,1.0&db=afhuman&afid=Q96DT5"
"O95460","MATRILIN-4","C; Q; N; D;","M 219   ; R 126   ; R 129   ; R 149   ;","A 581   ; A 617   ; A 620   ; A 613   ;","none; none; none; none","1.06 A","./target.php?radio=27363731750055518|tzhr|581:A or 617:A or 620:A or 613:A|-0.8224,0.1266,-0.5546,85.588,-0.5014,0.2991,0.8118,130.964,0.2686,0.9458,-0.1826,147.504,0.0,0.0,0.0,1.0&db=afhuman&afid=O95460"
"P14735","INSULIN-DEGRADING ENZYME","D; Q; N; D;","M 149   ; R 126   ; R 129   ; R 149   ;","A 462   ; A 621   ; A 622   ; A 619   ;","none; none; none; none","1.07 A","./target.php?radio=27363731750055518|onkk|462:A or 621:A or 622:A or 619:A|-0.5893,-0.1389,0.7959,109.739,-0.7139,-0.3717,-0.5934,102.723,0.3783,-0.9179,0.1198,134.719,0.0,0.0,0.0,1.0&db=afhuman&afid=P14735"
"Q8WWQ8","STABILIN-2","D; C; N; C;","M 149   ; M 219   ; R 129   ; R 219   ;","A  70   ; A  46   ; A 761   ; A 754   ;","none; none; none; none","1.08 A","./target.php?radio=27363731750055518|jqfs|70:A or 46:A or 761:A or 754:A|-0.9489,-0.0967,0.3004,106.472,0.2497,-0.8122,0.5272,107.231,0.1930,0.5753,0.7948,149.513,0.0,0.0,0.0,1.0&db=afhuman&afid=Q8WWQ8"
"P13637","SODIUM/POTASSIUM-TRANSPORTING ATPASE SUBUNIT ALPHA-","D; C; D; C;","M 149   ; M 219   ; R 149   ; R 219   ;","A 179   ; A  42   ; A 737   ; A 346   ;","none; none; none; none","1.08 A","./target.php?radio=27363731750055518|tbls|179:A or 42:A or 737:A or 346:A|-0.2946,-0.9485,0.1163,95.212,-0.8339,0.3146,0.4535,107.970,-0.4667,0.0366,-0.8837,123.123,0.0,0.0,0.0,1.0&db=afhuman&afid=P13637"
"Q9UBG0","C-TYPE MANNOSE RECEPTOR 2","D; C; Q; C;","M 149   ; M 219   ; R 126   ; R 219   ;","A1148   ; A1243   ; A 705   ; A 808   ;","none; none; none; none","1.08 A","./target.php?radio=27363731750055518|bnfm|1148:A or 1243:A or 705:A or 808:A|-0.1130,0.9913,-0.0669,112.045,0.9683,0.0948,-0.2312,105.714,-0.2229,-0.0909,-0.9706,139.169,0.0,0.0,0.0,1.0&db=afhuman&afid=Q9UBG0"
"Q9NZR2","LOW-DENSITY LIPOPROTEIN RECEPTOR-RELATED PROTEIN 1B","D; C; Q; C;","M 149   ; M 219   ; R 126   ; R 219   ;","A 585   ; A 612   ; A1192   ; A1215   ;","none; none; none; none","1.08 A","./target.php?radio=27363731750055518|fwzn|585:A or 612:A or 1192:A or 1215:A|-0.7126,-0.4731,0.5180,169.684,0.0554,0.6981,0.7139,96.073,-0.6993,0.5374,-0.4713,143.091,0.0,0.0,0.0,1.0&db=afhuman&afid=Q9NZR2"
"Q5VYJ5","MAM AND LDL-RECEPTOR CLASS A DOMAIN-CONTAINING PROT","D; Q; N; C;","M 149   ; R 126   ; R 129   ; R 219   ;","A 253   ; A  39   ; A  42   ; A  58   ;","none; none; none; none","1.09 A","./target.php?radio=27363731750055518|moho|253:A or 39:A or 42:A or 58:A|0.3231,-0.3542,-0.8776,96.127,-0.9354,0.0213,-0.3529,97.183,0.1437,0.9349,-0.3245,74.359,0.0,0.0,0.0,1.0&db=afhuman&afid=Q5VYJ5"
"Q8NCM8","CYTOPLASMIC DYNEIN 2 HEAVY CHAIN 1","D; Q; N; D;","M 149   ; R 126   ; R 129   ; R 149   ;","A1049   ; A1140   ; A1143   ; A1136   ;","none; none; none; none","1.09 A","./target.php?radio=27363731750055518|pmiq|1049:A or 1140:A or 1143:A or 1136:A|0.7351,0.6717,0.0918,85.178,-0.0219,0.1589,-0.9870,106.822,-0.6776,0.7236,0.1316,127.355,0.0,0.0,0.0,1.0&db=afhuman&afid=Q8NCM8"
"Q15911","ZINC FINGER HOMEOBOX PROTEIN 3","D; C; N; D;","M 149   ; M 219   ; R 129   ; R 149   ;","A 654   ; A 629   ; A 688   ; A 682   ;","none; none; none; none","1.09 A","./target.php?radio=27363731750055518|mwkk|654:A or 629:A or 688:A or 682:A|0.1672,0.0374,-0.9852,112.030,0.2429,0.9669,0.0779,133.157,0.9555,-0.2523,0.1526,129.052,0.0,0.0,0.0,1.0&db=afhuman&afid=Q15911"
"P13637","SODIUM/POTASSIUM-TRANSPORTING ATPASE SUBUNIT ALPHA-","D; C; D; C;","M 149   ; M 219   ; R 149   ; R 219   ;","A 737   ; A 346   ; A 179   ; A  42   ;","none; none; none; none","1.09 A","./target.php?radio=27363731750055518|tbls|737:A or 346:A or 179:A or 42:A|0.6136,0.4758,-0.6301,139.070,0.1325,0.7247,0.6762,131.786,0.7784,-0.4985,0.3816,131.824,0.0,0.0,0.0,1.0&db=afhuman&afid=P13637"
"Q9NYC9","DYNEIN HEAVY CHAIN 9, AXONEMAL","D; Q; D; C;","M 149   ; R 126   ; R 149   ; R 219   ;","A 631   ; A 209   ; A 250   ; A 226   ;","none; none; none; none","1.09 A","./target.php?radio=27363731750055518|kpkj|631:A or 209:A or 250:A or 226:A|-0.7985,-0.6019,0.0132,141.330,-0.3557,0.4894,0.7962,125.027,-0.4857,0.6311,-0.6048,131.169,0.0,0.0,0.0,1.0&db=afhuman&afid=Q9NYC9"
"Q9NYC9","DYNEIN HEAVY CHAIN 9, AXONEMAL","D; Q; D; C;","M 149   ; R 126   ; R 149   ; R 219   ;","A 831   ; A 409   ; A 450   ; A 426   ;","none; none; none; none","1.10 A","./target.php?radio=27363731750055518|pyuu|831:A or 409:A or 450:A or 426:A|-0.5946,-0.7300,0.3370,137.141,-0.3533,0.6137,0.7061,116.650,-0.7223,0.3008,-0.6228,129.903,0.0,0.0,0.0,1.0&db=afhuman&afid=Q9NYC9"
"Q5MIZ7","SERINE/THREONINE-PROTEIN PHOSPHATASE 4 REGULATORY S","D; Q; D; C;","M 149   ; R 126   ; R 149   ; R 219   ;","A  16   ; A 180   ; A 221   ; A 182   ;","none; none; none; none","1.10 A","./target.php?radio=27363731750055518|auld|16:A or 180:A or 221:A or 182:A|-0.4301,-0.0099,0.9027,137.145,-0.7495,0.5613,-0.3509,120.484,-0.5033,-0.8275,-0.2488,144.914,0.0,0.0,0.0,1.0&db=afhuman&afid=Q5MIZ7"
"Q92673","SORTILIN-RELATED RECEPTOR","D; Q; N; C;","M 149   ; R 126   ; R 129   ; R 219   ;","A1535   ; A1331   ; A1334   ; A1350   ;","none; none; none; none","1.11 A","./target.php?radio=27363731750055518|aphf|1535:A or 1331:A or 1334:A or 1350:A|-0.7092,-0.6049,0.3621,147.498,0.5894,-0.7905,-0.1663,89.289,0.3868,0.0955,0.9172,138.470,0.0,0.0,0.0,1.0&db=afhuman&afid=Q92673"
"P54132","BLOOM SYNDROME PROTEIN","D; Q; D; C;","M 149   ; R 126   ; R 149   ; R 219   ;","A 240   ; A 909   ; A 906   ; A 944   ;","none; none; none; none","1.12 A","./target.php?radio=27363731750055518|ubim|240:A or 909:A or 906:A or 944:A|-0.1299,-0.6224,-0.7718,89.986,0.5103,0.6255,-0.5903,111.057,0.8501,-0.4705,0.2363,110.376,0.0,0.0,0.0,1.0&db=afhuman&afid=P54132"
"Q96DT5","DYNEIN HEAVY CHAIN 11, AXONEMAL","D; Q; D; C;","M 149   ; R 126   ; R 149   ; R 219   ;","A1063   ; A 632   ; A 673   ; A 649   ;","none; none; none; none","1.12 A","./target.php?radio=27363731750055518|tztw|1063:A or 632:A or 673:A or 649:A|0.7568,0.6024,-0.2536,134.624,0.2299,-0.6086,-0.7594,114.771,-0.6118,0.5164,-0.5991,128.786,0.0,0.0,0.0,1.0&db=afhuman&afid=Q96DT5"
"Q709C8","VACUOLAR PROTEIN SORTING-ASSOCIATED PROTEIN 13C","C; Q; N; D;","M 219   ; R 126   ; R 129   ; R 149   ;","A 906   ; A 376   ; A 358   ; A1084   ;","none; none; none; none","1.12 A","./target.php?radio=27363731750055518|ixvd|906:A or 376:A or 358:A or 1084:A|0.2376,0.9684,-0.0762,106.436,-0.2686,0.1409,0.9529,138.215,0.9335,-0.2059,0.2936,116.423,0.0,0.0,0.0,1.0&db=afhuman&afid=Q709C8"
"Q96DT5","DYNEIN HEAVY CHAIN 11, AXONEMAL","D; Q; D; C;","M 149   ; R 126   ; R 149   ; R 219   ;","A 863   ; A 432   ; A 473   ; A 449   ;","none; none; none; none","1.12 A","./target.php?radio=27363731750055518|xzhd|863:A or 432:A or 473:A or 449:A|-0.7870,-0.6160,0.0345,136.098,-0.2095,0.3194,0.9242,116.768,-0.5803,0.7201,-0.3804,130.665,0.0,0.0,0.0,1.0&db=afhuman&afid=Q96DT5"
"Q96JB1","DYNEIN HEAVY CHAIN 8, AXONEMAL","C; Q; N; D;","M 219   ; R 126   ; R 129   ; R 149   ;","A1084   ; A 905   ; A 908   ; A 902   ;","none; none; none; none","1.13 A","./target.php?radio=27363731750055518|ckxs|1084:A or 905:A or 908:A or 902:A|-0.6408,-0.5527,0.5328,144.094,-0.4909,0.8286,0.2690,154.344,-0.5902,-0.0891,-0.8023,98.003,0.0,0.0,0.0,1.0&db=afhuman&afid=Q96JB1"
"P35555","FIBRILLIN-1","D; C; Q; N;","M 149   ; M 219   ; R 126   ; R 129   ;","A 179   ; A 202   ; A 790   ; A 791   ;","none; none; none; none","1.14 A","./target.php?radio=27363731750055518|zfvb|179:A or 202:A or 790:A or 791:A|0.0309,0.5644,0.8249,81.033,0.2440,0.7961,-0.5538,143.208,-0.9693,0.2184,-0.1131,147.486,0.0,0.0,0.0,1.0&db=afhuman&afid=P35555"
"Q9UFH2","DYNEIN HEAVY CHAIN 17, AXONEMAL","D; Q; D; C;","M 149   ; R 126   ; R 149   ; R 219   ;","A 608   ; A 186   ; A 227   ; A 203   ;","none; none; none; none","1.15 A","./target.php?radio=27363731750055518|jjqh|608:A or 186:A or 227:A or 203:A|0.1518,-0.0496,-0.9872,142.788,0.8937,0.4336,0.1156,126.050,0.4223,-0.8997,0.1102,131.775,0.0,0.0,0.0,1.0&db=afhuman&afid=Q9UFH2"
"Q9BQG1","SYNAPTOTAGMIN-3","Q; N; D; C;","R 126   ; R 129   ; R 149   ; R 219   ;","A  34   ; A  37   ; A  31   ; A  21   ;","none; none; none; none","1.15 A","./target.php?radio=27363731750055518|hfpd|34:A or 37:A or 31:A or 21:A|-0.8866,0.3274,0.3268,48.253,-0.4093,-0.2260,-0.8840,124.261,-0.2156,-0.9174,0.3344,137.697,0.0,0.0,0.0,1.0&db=afhuman&afid=Q9BQG1"
"Q92673","SORTILIN-RELATED RECEPTOR","C; Q; N; C;","M 219   ; R 126   ; R 129   ; R 219   ;","A1211   ; A1331   ; A1334   ; A1350   ;","none; none; none; none","1.16 A","./target.php?radio=27363731750055518|aphf|1211:A or 1331:A or 1334:A or 1350:A|-0.6467,-0.6143,0.4521,148.065,0.6214,-0.7680,-0.1547,87.857,0.4423,0.1809,0.8785,133.213,0.0,0.0,0.0,1.0&db=afhuman&afid=Q92673"
"P98088","MUCIN-5AC","D; N; D; C;","M 149   ; R 129   ; R 149   ; R 219   ;","A  51   ; A 794   ; A 729   ; A 804   ;","none; none; none; none","1.16 A","./target.php?radio=27363731750055518|ckya|51:A or 794:A or 729:A or 804:A|-0.6447,-0.4705,-0.6025,102.490,0.3583,0.5103,-0.7818,98.355,0.6753,-0.7199,-0.1604,135.335,0.0,0.0,0.0,1.0&db=afhuman&afid=P98088"
"P07225","VITAMIN K-DEPENDENT PROTEIN S","D; C; D; C;","M 149   ; M 219   ; R 149   ; R 219   ;","A 129   ; A 154   ; A 223   ; A 205   ;","none; none; none; none","1.16 A","./target.php?radio=27363731750055518|wuam|129:A or 154:A or 223:A or 205:A|0.8778,-0.1745,-0.4462,56.345,0.0929,0.9756,-0.1988,90.798,0.4700,0.1331,0.8726,141.609,0.0,0.0,0.0,1.0&db=afhuman&afid=P07225"
"P07225","VITAMIN K-DEPENDENT PROTEIN S","D; C; D; C;","M 149   ; M 219   ; R 149   ; R 219   ;","A 223   ; A 205   ; A 129   ; A 154   ;","none; none; none; none","1.16 A","./target.php?radio=27363731750055518|wuam|223:A or 205:A or 129:A or 154:A|-0.5439,-0.4706,0.6947,182.929,-0.8267,0.4426,-0.3474,137.989,-0.1440,-0.7633,-0.6298,118.216,0.0,0.0,0.0,1.0&db=afhuman&afid=P07225"
"Q12923","TYROSINE-PROTEIN PHOSPHATASE NON-RECEPTOR TYPE 13","C; Q; N; D;","M 219   ; R 126   ; R 129   ; R 149   ;","A1137   ; A 671   ; A2264   ; A2250   ;","none; none; none; none","1.16 A","./target.php?radio=27363731750055518|cbgp|1137:A or 671:A or 2264:A or 2250:A|-0.9317,-0.2856,-0.2245,88.181,-0.3623,0.7751,0.5177,108.082,0.0261,0.5637,-0.8256,118.822,0.0,0.0,0.0,1.0&db=afhuman&afid=Q12923"
"Q5TH69","BREFELDIN A-INHIBITED GUANINE NUCLEOTIDE-EXCHANGE P","D; Q; D; C;","M 149   ; R 126   ; R 149   ; R 219   ;","A1243   ; A1471   ; A1386   ; A1468   ;","none; none; none; none","1.16 A","./target.php?radio=27363731750055518|aufm|1243:A or 1471:A or 1386:A or 1468:A|-0.5982,-0.4051,0.6915,127.945,-0.7773,0.5032,-0.3776,107.521,-0.1950,-0.7633,-0.6159,102.615,0.0,0.0,0.0,1.0&db=afhuman&afid=Q5TH69"
"Q9NYQ7","CADHERIN EGF LAG SEVEN-PASS G-TYPE RECEPTOR 3","D; C; D; C;","M 149   ; M 219   ; R 149   ; R 219   ;","A1072   ; A1061   ; A 705   ; A 502   ;","none; none; none; none","1.16 A","./target.php?radio=27363731750055518|eruc|1072:A or 1061:A or 705:A or 502:A|0.9482,0.3132,-0.0523,117.171,0.0599,-0.0147,0.9981,105.081,0.3119,-0.9496,-0.0327,143.426,0.0,0.0,0.0,1.0&db=afhuman&afid=Q9NYQ7"
"Q07954","PROLOW-DENSITY LIPOPROTEIN RECEPTOR-RELATED PROTEIN","D; Q; N; C;","M 149   ; R 126   ; R 129   ; R 219   ;","A 837   ; A1060   ; A1063   ; A1079   ;","none; none; none; none","1.16 A","./target.php?radio=27363731750055518|fosj|837:A or 1060:A or 1063:A or 1079:A|0.5344,-0.6067,0.5885,139.126,0.4820,-0.3532,-0.8018,88.890,0.6944,0.7121,0.1037,110.378,0.0,0.0,0.0,1.0&db=afhuman&afid=Q07954"
"P98155","VERY LOW-DENSITY LIPOPROTEIN RECEPTOR","D; Q; N; C;","M 149   ; R 126   ; R 129   ; R 219   ;","A 477   ; A  39   ; A  42   ; A  58   ;","none; none; none; none","1.17 A","./target.php?radio=27363731750055518|cmpe|477:A or 39:A or 42:A or 58:A|0.0756,-0.2503,-0.9652,150.967,-0.9409,0.3026,-0.1521,111.326,0.3301,0.9197,-0.2126,120.113,0.0,0.0,0.0,1.0&db=afhuman&afid=P98155"
"P25054","ADENOMATOUS POLYPOSIS COLI PROTEIN","D; Q; D; C;","M 149   ; R 126   ; R 149   ; R 219   ;","A1365   ; A 342   ; A 339   ; A 375   ;","none; none; none; none","1.17 A","./target.php?radio=27363731750055518|dbqq|1365:A or 342:A or 339:A or 375:A|0.7216,-0.0306,0.6916,89.264,-0.5740,0.5321,0.6224,107.923,-0.3871,-0.8461,0.3665,127.026,0.0,0.0,0.0,1.0&db=afhuman&afid=P25054"
"Q14690","PROTEIN RRP5 HOMOLOG","D; Q; N; D;","M 149   ; R 126   ; R 129   ; R 149   ;","A1607   ; A 817   ; A 816   ; A 671   ;","none; none; none; none","1.17 A","./target.php?radio=27363731750055518|oxqs|1607:A or 817:A or 816:A or 671:A|-0.5662,0.5003,0.6550,133.615,-0.7570,-0.6301,-0.1730,144.586,0.3262,-0.5938,0.7355,134.130,0.0,0.0,0.0,1.0&db=afhuman&afid=Q14690"
"Q05901","NEURONAL ACETYLCHOLINE RECEPTOR SUBUNIT BETA-3","C; Q; N; D;","M 219   ; R 126   ; R 129   ; R 149   ;","A 348   ; A 165   ; A 166   ; A 163   ;","none; none; none; none","1.17 A","./target.php?radio=27363731750055518|ufxe|348:A or 165:A or 166:A or 163:A|-0.5485,0.1667,0.8194,96.548,-0.7829,-0.4467,-0.4331,103.366,0.2938,-0.8790,0.3755,138.190,0.0,0.0,0.0,1.0&db=afhuman&afid=Q05901"
"P98164","LOW-DENSITY LIPOPROTEIN RECEPTOR-RELATED PROTEIN 2","D; C; N; D;","M 149   ; M 219   ; R 129   ; R 149   ;","A 880   ; A 896   ; A 522   ; A 543   ;","none; none; none; none","1.17 A","./target.php?radio=27363731750055518|unxw|880:A or 896:A or 522:A or 543:A|-0.6475,-0.7006,0.2998,93.180,-0.3826,0.6391,0.6672,135.824,-0.6590,0.3173,-0.6819,146.148,0.0,0.0,0.0,1.0&db=afhuman&afid=P98164"
"P24043","LAMININ SUBUNIT ALPHA-2","C; Q; D; C;","M 219   ; R 126   ; R 149   ; R 219   ;","A 554   ; A1304   ; A1291   ; A1271   ;","none; none; none; none","1.18 A","./target.php?radio=27363731750055518|shlp|554:A or 1304:A or 1291:A or 1271:A|-0.2472,-0.2542,-0.9350,107.351,-0.8231,0.5642,0.0642,149.793,0.5112,0.7855,-0.3487,118.720,0.0,0.0,0.0,1.0&db=afhuman&afid=P24043"
"Q13315","SERINE-PROTEIN KINASE ATM","D; Q; D; C;","M 149   ; R 126   ; R 149   ; R 219   ;","A 940   ; A1239   ; A1236   ; A1231   ;","none; none; none; none","1.18 A","./target.php?radio=27363731750055518|liyk|940:A or 1239:A or 1236:A or 1231:A|0.4031,-0.6031,-0.6883,124.115,-0.2864,-0.7975,0.5311,105.134,-0.8692,-0.0169,-0.4942,113.042,0.0,0.0,0.0,1.0&db=afhuman&afid=Q13315"
"Q9NZR2","LOW-DENSITY LIPOPROTEIN RECEPTOR-RELATED PROTEIN 1B","D; Q; N; C;","M 149   ; R 126   ; R 129   ; R 219   ;","A 540   ; A1282   ; A1285   ; A1301   ;","none; none; none; none","1.18 A","./target.php?radio=27363731750055518|ooaj|540:A or 1282:A or 1285:A or 1301:A|0.8418,0.0267,0.5391,153.927,0.4235,-0.6519,-0.6291,116.178,0.3346,0.7579,-0.5601,148.236,0.0,0.0,0.0,1.0&db=afhuman&afid=Q9NZR2"
"P24043","LAMININ SUBUNIT ALPHA-2","C; Q; D; C;","M 219   ; R 126   ; R 149   ; R 219   ;","A 557   ; A1304   ; A1291   ; A1271   ;","none; none; none; none","1.18 A","./target.php?radio=27363731750055518|shlp|557:A or 1304:A or 1291:A or 1271:A|-0.2978,-0.0898,-0.9504,111.652,-0.7360,0.6556,0.1687,147.006,0.6080,0.7497,-0.2613,113.836,0.0,0.0,0.0,1.0&db=afhuman&afid=P24043"
"P98164","LOW-DENSITY LIPOPROTEIN RECEPTOR-RELATED PROTEIN 2","D; Q; N; C;","M 149   ; R 126   ; R 129   ; R 219   ;","A 839   ; A 353   ; A 355   ; A 356   ;","none; none; none; none","1.19 A","./target.php?radio=27363731750055518|ykav|839:A or 353:A or 355:A or 356:A|-0.9257,-0.0828,0.3691,110.548,-0.0216,0.9857,0.1670,133.602,-0.3777,0.1466,-0.9143,149.933,0.0,0.0,0.0,1.0&db=afhuman&afid=P98164"
"P47989","XANTHINE DEHYDROGENASE/OXIDASE","D; C; Q; N;","M 149   ; M 219   ; R 126   ; R 129   ;","A 829   ; A  73   ; A 958   ; A 957   ;","none; none; none; none","1.19 A","./target.php?radio=27363731750055518|tvvq|829:A or 73:A or 958:A or 957:A|0.0851,0.9552,0.2834,120.475,-0.2215,-0.2592,0.9401,131.195,0.9714,-0.1428,0.1895,135.344,0.0,0.0,0.0,1.0&db=afhuman&afid=P47989"
"Q8N1E6","F-BOX/LRR-REPEAT PROTEIN 14","D; Q; D; C;","M 149   ; R 126   ; R 149   ; R 219   ;","A  24   ; A 213   ; A 211   ; A 263   ;","none; none; none; none","1.19 A","./target.php?radio=27363731750055518|awio|24:A or 213:A or 211:A or 263:A|0.0547,0.5386,0.8408,104.844,-0.9416,0.3080,-0.1361,119.513,-0.3323,-0.7842,0.5240,124.351,0.0,0.0,0.0,1.0&db=afhuman&afid=Q8N1E6"
"P46939","UTROPHIN","D; Q; N; D;","M 149   ; R 126   ; R 129   ; R 149   ;","A 869   ; A 842   ; A 839   ; A 846   ;","none; none; none; none","1.19 A","./target.php?radio=27363731750055518|xkhw|869:A or 842:A or 839:A or 846:A|0.5457,-0.5793,-0.6055,52.439,-0.8194,-0.5202,-0.2408,172.340,-0.1755,0.6275,-0.7586,71.309,0.0,0.0,0.0,1.0&db=afhuman&afid=P46939"
"Q5VV63","ATTRACTIN-LIKE PROTEIN 1","C; Q; D; C;","M 219   ; R 126   ; R 149   ; R 219   ;","A1069   ; A 741   ; A 734   ; A 725   ;","none; none; none; none","1.20 A","./target.php?radio=27363731750055518|eicv|1069:A or 741:A or 734:A or 725:A|0.0701,0.2639,-0.9620,114.898,0.9972,0.0078,0.0748,101.037,0.0272,-0.9645,-0.2626,111.975,0.0,0.0,0.0,1.0&db=afhuman&afid=Q5VV63"
"Q96JM4","LEUCINE-RICH REPEAT AND IQ DOMAIN-CONTAINING PROTEI","D; C; Q; N;","M 149   ; M 219   ; R 126   ; R 129   ;","A 782   ; A 789   ; A 227   ; A 223   ;","none; none; none; none","1.20 A","./target.php?radio=27363731750055518|yaqv|782:A or 789:A or 227:A or 223:A|-0.0865,-0.8385,-0.5380,110.020,0.2894,-0.5379,0.7918,153.973,-0.9533,-0.0872,0.2892,134.471,0.0,0.0,0.0,1.0&db=afhuman&afid=Q96JM4"
"Q9NYQ7","CADHERIN EGF LAG SEVEN-PASS G-TYPE RECEPTOR 3","D; C; D; C;","M 149   ; M 219   ; R 149   ; R 219   ;","A 705   ; A 502   ; A1072   ; A1061   ;","none; none; none; none","1.20 A","./target.php?radio=27363731750055518|eruc|705:A or 502:A or 1072:A or 1061:A|-0.6178,-0.4846,-0.6193,131.298,-0.7863,0.3913,0.4781,103.489,0.0106,0.7823,-0.6228,125.367,0.0,0.0,0.0,1.0&db=afhuman&afid=Q9NYQ7"
"Q49A92","UNCHARACTERIZED PROTEIN C8ORF34","D; N; D; C;","M 149   ; R 129   ; R 149   ; R 219   ;","A 357   ; A 407   ; A 520   ; A 524   ;","none; none; none; none","1.20 A","./target.php?radio=27363731750055518|nnwl|357:A or 407:A or 520:A or 524:A|-0.8797,-0.3861,-0.2775,99.165,-0.4705,0.6225,0.6254,94.533,-0.0687,0.6808,-0.7293,101.193,0.0,0.0,0.0,1.0&db=afhuman&afid=Q49A92"
"Q8N1C3","GAMMA-AMINOBUTYRIC ACID RECEPTOR SUBUNIT GAMMA-1","D; Q; N; D;","M 149   ; R 126   ; R 129   ; R 149   ;","A  46   ; A  66   ; A  69   ; A  63   ;","none; none; none; none","1.20 A","./target.php?radio=27363731750055518|ydor|46:A or 66:A or 69:A or 63:A|0.8278,0.4107,0.3822,103.809,-0.0789,0.7596,-0.6456,133.612,-0.5555,0.5042,0.6612,83.566,0.0,0.0,0.0,1.0&db=afhuman&afid=Q8N1C3"
"Q9Y4D8","PROBABLE E3 UBIQUITIN-PROTEIN LIGASE HECTD4","D; Q; N; D;","M 149   ; R 126   ; R 129   ; R 149   ;","A1379   ; A 328   ; A 332   ; A 383   ;","none; none; none; none","1.20 A","./target.php?radio=27363731750055518|ckhm|1379:A or 328:A or 332:A or 383:A|0.2497,-0.4124,-0.8761,109.596,0.5549,0.8024,-0.2196,126.905,0.7935,-0.4314,0.4292,125.319,0.0,0.0,0.0,1.0&db=afhuman&afid=Q9Y4D8"
"P11047","LAMININ SUBUNIT GAMMA-1","D; Q; N; D;","M 149   ; R 126   ; R 129   ; R 149   ;","A1306   ; A 371   ; A 369   ; A 372   ;","none; none; none; none","1.21 A","./target.php?radio=27363731750055518|cawi|1306:A or 371:A or 369:A or 372:A|0.6504,0.0154,0.7594,116.653,-0.7426,0.2233,0.6315,146.158,-0.1599,-0.9746,0.1567,155.790,0.0,0.0,0.0,1.0&db=afhuman&afid=P11047"
"A2VEC9","SCO-SPONDIN","D; C; Q; D;","M 149   ; M 219   ; R 126   ; R 149   ;","A 858   ; A 862   ; A 282   ; A 281   ;","none; none; none; none","1.21 A","./target.php?radio=27363731750055518|wgzq|858:A or 862:A or 282:A or 281:A|0.6165,0.6899,-0.3794,93.587,0.6652,-0.7142,-0.2179,124.580,-0.4213,-0.1181,-0.8992,127.826,0.0,0.0,0.0,1.0&db=afhuman&afid=A2VEC9"
"Q9NZJ7","MITOCHONDRIAL CARRIER HOMOLOG 1","D; N; D; C;","M 149   ; R 129   ; R 149   ; R 219   ;","A 283   ; A 338   ; A 333   ; A 359   ;","none; none; none; none","1.21 A","./target.php?radio=27363731750055518|wrhh|283:A or 338:A or 333:A or 359:A|0.9160,0.0745,-0.3943,103.343,-0.3829,-0.1314,-0.9144,109.469,-0.1199,0.9885,-0.0918,132.669,0.0,0.0,0.0,1.0&db=afhuman&afid=Q9NZJ7"
"Q8WZ42","TITIN","C; Q; D; C;","M 219   ; R 126   ; R 149   ; R 219   ;","A 911   ; A1285   ; A1283   ; A1232   ;","none; none; none; none","1.22 A","./target.php?radio=27363731750055518|byuo|911:A or 1285:A or 1283:A or 1232:A|-0.9041,-0.2128,-0.3706,105.206,-0.2185,-0.5150,0.8289,149.907,-0.3673,0.8304,0.4191,142.936,0.0,0.0,0.0,1.0&db=afhuman&afid=Q8WZ42"
"Q8IVF4","DYNEIN HEAVY CHAIN 10, AXONEMAL","D; Q; D; C;","M 149   ; R 126   ; R 149   ; R 219   ;","A 994   ; A 571   ; A 612   ; A 588   ;","none; none; none; none","1.22 A","./target.php?radio=27363731750055518|qipn|994:A or 571:A or 612:A or 588:A|-0.3016,-0.4438,0.8438,137.298,-0.5034,0.8258,0.2544,114.641,-0.8097,-0.3480,-0.4724,127.696,0.0,0.0,0.0,1.0&db=afhuman&afid=Q8IVF4"
"Q9UFH2","DYNEIN HEAVY CHAIN 17, AXONEMAL","D; Q; D; C;","M 149   ; R 126   ; R 149   ; R 219   ;","A1008   ; A 586   ; A 627   ; A 603   ;","none; none; none; none","1.22 A","./target.php?radio=27363731750055518|ohzj|1008:A or 586:A or 627:A or 603:A|-0.5538,-0.3883,0.7366,139.559,0.0656,0.8615,0.5035,110.336,-0.8301,0.3272,-0.4516,130.633,0.0,0.0,0.0,1.0&db=afhuman&afid=Q9UFH2"
"Q9UFH2","DYNEIN HEAVY CHAIN 17, AXONEMAL","D; Q; D; C;","M 149   ; R 126   ; R 149   ; R 219   ;","A 808   ; A 386   ; A 427   ; A 403   ;","none; none; none; none","1.22 A","./target.php?radio=27363731750055518|zqno|808:A or 386:A or 427:A or 403:A|0.7122,-0.4471,-0.5411,136.656,0.0400,0.7955,-0.6047,118.972,0.7008,0.4090,0.5844,131.522,0.0,0.0,0.0,1.0&db=afhuman&afid=Q9UFH2"
"P51828","ADENYLATE CYCLASE TYPE 7","D; C; Q; N;","M 149   ; M 219   ; R 126   ; R 129   ;","A 596   ; A 639   ; A 228   ; A 231   ;","none; none; none; none","1.22 A","./target.php?radio=27363731750055518|evyn|596:A or 639:A or 228:A or 231:A|0.6354,0.1724,-0.7527,96.095,0.7225,0.2113,0.6583,113.192,0.2726,-0.9621,0.0097,123.664,0.0,0.0,0.0,1.0&db=afhuman&afid=P51828"
"O75445","USHERIN","C; Q; N; D;","M 219   ; R 126   ; R 129   ; R 149   ;","A 479   ; A1348   ; A1350   ; A1347   ;","none; none; none; none","1.22 A","./target.php?radio=27363731750055518|idzl|479:A or 1348:A or 1350:A or 1347:A|-0.7579,0.6493,-0.0627,97.342,-0.2496,-0.1998,0.9475,67.004,0.6027,0.7338,0.3135,142.069,0.0,0.0,0.0,1.0&db=afhuman&afid=O75445"
"Q8N3A8","PROTEIN MONO-ADP-RIBOSYLTRANSFERASE PARP8","D; Q; N; D;","M 149   ; R 126   ; R 129   ; R 149   ;","A  26   ; A 218   ; A 221   ; A 179   ;","none; none; none; none","1.23 A","./target.php?radio=27363731750055518|qwqu|26:A or 218:A or 221:A or 179:A|-0.6136,0.6555,0.4403,73.510,0.0756,0.6038,-0.7935,142.648,-0.7860,-0.4536,-0.4201,116.389,0.0,0.0,0.0,1.0&db=afhuman&afid=Q8N3A8"
"Q15413","RYANODINE RECEPTOR 3","D; Q; N; D;","M 149   ; R 126   ; R 129   ; R 149   ;","A 492   ; A 108   ; A 107   ; A 146   ;","none; none; none; none","1.23 A","./target.php?radio=27363731750055518|furo|492:A or 108:A or 107:A or 146:A|0.3092,-0.9434,-0.1202,120.090,-0.8175,-0.3282,0.4733,136.906,-0.4860,-0.0481,-0.8726,132.630,0.0,0.0,0.0,1.0&db=afhuman&afid=Q15413"
"P48544","G PROTEIN-ACTIVATED INWARD RECTIFIER POTASSIUM CHAN","D; Q; D; C;","M 149   ; R 126   ; R 149   ; R 219   ;","A  12   ; A 192   ; A  83   ; A 185   ;","none; none; none; none","1.23 A","./target.php?radio=27363731750055518|unux|12:A or 192:A or 83:A or 185:A|-0.4760,-0.7179,-0.5079,90.986,0.8295,-0.5583,0.0118,111.006,-0.2920,-0.4157,0.8613,136.442,0.0,0.0,0.0,1.0&db=afhuman&afid=P48544"
"Q8TE73","DYNEIN HEAVY CHAIN 5, AXONEMAL","C; Q; N; D;","M 219   ; R 126   ; R 129   ; R 149   ;","A 678   ; A1091   ; A1035   ; A1038   ;","none; none; none; none","1.23 A","./target.php?radio=27363731750055518|reob|678:A or 1091:A or 1035:A or 1038:A|0.2248,0.1955,-0.9546,115.708,-0.4099,0.9078,0.0894,102.026,0.8840,0.3711,0.2842,115.686,0.0,0.0,0.0,1.0&db=afhuman&afid=Q8TE73"
"P02549","SPECTRIN ALPHA CHAIN, ERYTHROCYTIC 1","D; Q; N; D;","M 149   ; R 126   ; R 129   ; R 149   ;","A2218   ; A 961   ; A 960   ; A 907   ;","none; none; none; none","1.23 A","./target.php?radio=27363731750055518|ilnr|2218:A or 961:A or 960:A or 907:A|-0.5140,0.5406,-0.6660,118.732,0.0993,-0.7337,-0.6722,82.583,-0.8520,-0.4117,0.3234,123.167,0.0,0.0,0.0,1.0&db=afhuman&afid=P02549"
"P25054","ADENOMATOUS POLYPOSIS COLI PROTEIN","D; Q; N; D;","M 149   ; R 126   ; R 129   ; R 149   ;","A 342   ; A  25   ; A  22   ; A  29   ;","none; none; none; none","1.23 A","./target.php?radio=27363731750055518|tlpj|342:A or 25:A or 22:A or 29:A|-0.4752,-0.3215,0.8191,99.819,0.1329,0.8940,0.4279,134.135,-0.8698,0.3122,-0.3821,97.051,0.0,0.0,0.0,1.0&db=afhuman&afid=P25054"
"Q5SZK8","FRAS1-RELATED EXTRACELLULAR MATRIX PROTEIN 2","D; Q; N; D;","M 149   ; R 126   ; R 129   ; R 149   ;","A 538   ; A 559   ; A 682   ; A 525   ;","none; none; none; none","1.23 A","./target.php?radio=27363731750055518|omhm|538:A or 559:A or 682:A or 525:A|0.9192,0.3878,-0.0691,92.031,-0.3279,0.6562,-0.6797,93.750,-0.2182,0.6474,0.7303,154.146,0.0,0.0,0.0,1.0&db=afhuman&afid=Q5SZK8"
"P98164","LOW-DENSITY LIPOPROTEIN RECEPTOR-RELATED PROTEIN 2","D; C; D; C;","M 149   ; M 219   ; R 149   ; R 219   ;","A 752   ; A 737   ; A 443   ; A 476   ;","none; none; none; none","1.23 A","./target.php?radio=27363731750055518|ylno|752:A or 737:A or 443:A or 476:A|-0.0105,-0.5968,0.8023,154.381,0.5689,-0.6634,-0.4860,105.759,0.8223,0.4513,0.3465,119.891,0.0,0.0,0.0,1.0&db=afhuman&afid=P98164"
"Q96RW7","HEMICENTIN-1","D; C; Q; C;","M 149   ; M 219   ; R 126   ; R 219   ;","A1115   ; A1130   ; A 997   ; A1006   ;","none; none; none; none","1.23 A","./target.php?radio=27363731750055518|kqvh|1115:A or 1130:A or 997:A or 1006:A|-0.2813,0.1991,0.9387,106.316,-0.0669,-0.9799,0.1878,151.448,0.9573,-0.0100,0.2890,166.023,0.0,0.0,0.0,1.0&db=afhuman&afid=Q96RW7"
"P98164","LOW-DENSITY LIPOPROTEIN RECEPTOR-RELATED PROTEIN 2","D; C; D; C;","M 149   ; M 219   ; R 149   ; R 219   ;","A 443   ; A 476   ; A 752   ; A 737   ;","none; none; none; none","1.24 A","./target.php?radio=27363731750055518|ylno|443:A or 476:A or 752:A or 737:A|-0.1243,0.9806,-0.1513,97.834,-0.2727,-0.1804,-0.9450,94.576,-0.9540,-0.0762,0.2898,152.587,0.0,0.0,0.0,1.0&db=afhuman&afid=P98164"
"P30532","NEURONAL ACETYLCHOLINE RECEPTOR SUBUNIT ALPHA-5","C; Q; N; D;","M 219   ; R 126   ; R 129   ; R 149   ;","A 365   ; A 182   ; A 183   ; A 180   ;","none; none; none; none","1.24 A","./target.php?radio=27363731750055518|wewx|365:A or 182:A or 183:A or 180:A|-0.4978,0.1683,0.8508,95.623,-0.8297,-0.3782,-0.4105,101.330,0.2527,-0.9103,0.3279,137.115,0.0,0.0,0.0,1.0&db=afhuman&afid=P30532"
"Q5VW32","BRO1 DOMAIN-CONTAINING PROTEIN BROX","C; Q; N; C;","M 219   ; R 126   ; R 129   ; R 219   ;","A  52   ; A 324   ; A 327   ; A 267   ;","none; none; none; none","1.24 A","./target.php?radio=27363731750055518|pvfh|52:A or 324:A or 327:A or 267:A|0.4632,0.1690,-0.8700,130.647,0.6313,-0.7519,0.1901,121.463,-0.6220,-0.6373,-0.4550,128.268,0.0,0.0,0.0,1.0&db=afhuman&afid=Q5VW32"
"O15118","NPC INTRACELLULAR CHOLESTEROL TRANSPORTER 1","Q; N; D; C;","R 126   ; R 129   ; R 149   ; R 219   ;","A 241   ; A 925   ; A 242   ; A 247   ;","none; none; none; none","1.24 A","./target.php?radio=27363731750055518|pwmp|241:A or 925:A or 242:A or 247:A|0.9635,0.1820,-0.1964,71.745,-0.2599,0.4596,-0.8492,100.601,-0.0642,0.8693,0.4901,136.163,0.0,0.0,0.0,1.0&db=afhuman&afid=O15118"
"P02549","SPECTRIN ALPHA CHAIN, ERYTHROCYTIC 1","D; Q; N; D;","M 149   ; R 126   ; R 129   ; R 149   ;","A2221   ; A 961   ; A 960   ; A 907   ;","none; none; none; none","1.24 A","./target.php?radio=27363731750055518|ilnr|2221:A or 961:A or 960:A or 907:A|-0.4620,0.6208,-0.6333,121.306,0.1293,-0.6593,-0.7407,84.932,-0.8774,-0.4241,0.2243,123.107,0.0,0.0,0.0,1.0&db=afhuman&afid=P02549"
"Q14644","RAS GTPASE-ACTIVATING PROTEIN 3","D; Q; N; D;","M 149   ; R 126   ; R 129   ; R 149   ;","A 139   ; A 163   ; A 161   ; A 165   ;","none; none; none; none","1.24 A","./target.php?radio=27363731750055518|phck|139:A or 163:A or 161:A or 165:A|0.6425,0.1584,-0.7498,70.893,0.5992,0.5061,0.6204,130.848,0.4777,-0.8478,0.2303,126.118,0.0,0.0,0.0,1.0&db=afhuman&afid=Q14644"
"Q5T1H1","PROTEIN EYES SHUT HOMOLOG","D; Q; D; C;","M 149   ; R 126   ; R 149   ; R 219   ;","A 931   ; A1127   ; A1129   ; A1103   ;","none; none; none; none","1.25 A","./target.php?radio=27363731750055518|xyrc|931:A or 1127:A or 1129:A or 1103:A|-0.6759,0.0555,0.7349,106.342,0.6613,-0.3944,0.6380,129.087,0.3253,0.9173,0.2299,140.503,0.0,0.0,0.0,1.0&db=afhuman&afid=Q5T1H1"
"O00468","AGRIN","D; C; N; C;","M 149   ; M 219   ; R 129   ; R 219   ;","A 806   ; A 795   ; A 366   ; A 349   ;","none; none; none; none","1.25 A","./target.php?radio=27363731750055518|vaol|806:A or 795:A or 366:A or 349:A|0.1425,0.4972,0.8558,134.062,-0.9841,-0.0212,0.1762,163.091,0.1058,-0.8674,0.4863,149.401,0.0,0.0,0.0,1.0&db=afhuman&afid=O00468"
"Q13315","SERINE-PROTEIN KINASE ATM","D; Q; D; C;","M 149   ; R 126   ; R 149   ; R 219   ;","A 740   ; A1039   ; A1036   ; A1031   ;","none; none; none; none","1.25 A","./target.php?radio=27363731750055518|kejk|740:A or 1039:A or 1036:A or 1031:A|-0.6356,-0.7646,-0.1066,113.908,-0.6886,0.6240,-0.3695,99.960,0.3490,-0.1614,-0.9231,125.089,0.0,0.0,0.0,1.0&db=afhuman&afid=Q13315"
"Q8N6G6","ADAMTS-LIKE PROTEIN 1","D; C; N; D;","M 149   ; M 219   ; R 129   ; R 149   ;","A 465   ; A 392   ; A 174   ; A 181   ;","none; none; none; none","1.25 A","./target.php?radio=27363731750055518|xfqq|465:A or 392:A or 174:A or 181:A|0.7929,0.5582,0.2444,113.816,-0.5889,0.8050,0.0721,107.422,-0.1565,-0.2011,0.9670,159.401,0.0,0.0,0.0,1.0&db=afhuman&afid=Q8N6G6"
"Q01449","MYOSIN REGULATORY LIGHT CHAIN 2, ATRIAL ISOFORM","D; Q; N; C;","M 149   ; R 126   ; R 129   ; R 219   ;","A 153   ; A  46   ; A  47   ; A  53   ;","none; none; none; none","1.25 A","./target.php?radio=27363731750055518|sbwg|153:A or 46:A or 47:A or 53:A|-0.7380,-0.2031,0.6434,115.668,0.3602,0.6878,0.6302,112.288,-0.5706,0.6969,-0.4345,114.154,0.0,0.0,0.0,1.0&db=afhuman&afid=Q01449"
"Q8IVF4","DYNEIN HEAVY CHAIN 10, AXONEMAL","D; Q; D; C;","M 149   ; R 126   ; R 149   ; R 219   ;","A1194   ; A 771   ; A 812   ; A 788   ;","none; none; none; none","1.25 A","./target.php?radio=27363731750055518|npjr|1194:A or 771:A or 812:A or 788:A|-0.4614,-0.5983,0.6551,136.850,-0.7284,0.6770,0.1052,117.518,-0.5065,-0.4287,-0.7481,123.974,0.0,0.0,0.0,1.0&db=afhuman&afid=Q8IVF4"
"Q13315","SERINE-PROTEIN KINASE ATM","D; Q; D; C;","M 149   ; R 126   ; R 149   ; R 219   ;","A 140   ; A 439   ; A 436   ; A 431   ;","none; none; none; none","1.25 A","./target.php?radio=27363731750055518|kvyo|140:A or 439:A or 436:A or 431:A|-0.9733,0.2292,0.0129,98.949,-0.1499,-0.5920,-0.7919,121.734,-0.1738,-0.7726,0.6106,162.108,0.0,0.0,0.0,1.0&db=afhuman&afid=Q13315"
"Q9NZV8","POTASSIUM VOLTAGE-GATED CHANNEL SUBFAMILY D MEMBER","D; Q; N; D;","M 149   ; R 126   ; R 129   ; R 149   ;","A  73   ; A 415   ; A 416   ; A 139   ;","none; none; none; none","1.26 A","./target.php?radio=27363731750055518|xyob|73:A or 415:A or 416:A or 139:A|-0.0025,-0.8366,0.5479,90.355,-0.9291,0.2046,0.3082,97.345,-0.3699,-0.5082,-0.7777,124.276,0.0,0.0,0.0,1.0&db=afhuman&afid=Q9NZV8"
"Q9NZR2","LOW-DENSITY LIPOPROTEIN RECEPTOR-RELATED PROTEIN 1B","D; N; D; C;","M 149   ; R 129   ; R 149   ; R 219   ;","A 500   ; A 406   ; A 377   ; A 422   ;","none; none; none; none","1.26 A","./target.php?radio=27363731750055518|umvo|500:A or 406:A or 377:A or 422:A|0.5660,-0.1352,0.8132,97.063,0.0860,-0.9714,-0.2213,154.248,0.8199,0.1952,-0.5382,139.045,0.0,0.0,0.0,1.0&db=afhuman&afid=Q9NZR2"
"Q9NYC9","DYNEIN HEAVY CHAIN 9, AXONEMAL","D; Q; D; C;","M 149   ; R 126   ; R 149   ; R 219   ;","A1031   ; A 609   ; A 650   ; A 626   ;","none; none; none; none","1.26 A","./target.php?radio=27363731750055518|zorz|1031:A or 609:A or 650:A or 626:A|-0.7461,-0.5780,0.3306,135.633,-0.2591,0.7094,0.6554,113.383,-0.6133,0.4034,-0.6791,126.536,0.0,0.0,0.0,1.0&db=afhuman&afid=Q9NYC9"
"O00410","IMPORTIN-5","D; Q; N; D;","M 149   ; R 126   ; R 129   ; R 149   ;","A  22   ; A 456   ; A 455   ; A 325   ;","none; none; none; none","1.26 A","./target.php?radio=27363731750055518|ankk|22:A or 456:A or 455:A or 325:A|-0.0082,0.3595,-0.9331,92.340,-0.6911,-0.6765,-0.2546,144.385,-0.7228,0.6427,0.2540,120.957,0.0,0.0,0.0,1.0&db=afhuman&afid=O00410"
"Q5T1H1","PROTEIN EYES SHUT HOMOLOG","D; C; N; D;","M 149   ; M 219   ; R 129   ; R 149   ;","A 416   ; A 435   ; A 345   ; A 362   ;","none; none; none; none","1.26 A","./target.php?radio=27363731750055518|oxhc|416:A or 435:A or 345:A or 362:A|-0.5260,-0.6695,0.5245,90.837,-0.3046,0.7241,0.6188,115.287,-0.7941,0.1658,-0.5848,128.737,0.0,0.0,0.0,1.0&db=afhuman&afid=Q5T1H1"
"Q92832","PROTEIN KINASE C-BINDING PROTEIN NELL1","D; C; Q; D;","M 149   ; M 219   ; R 126   ; R 149   ;","A 621   ; A 600   ; A 674   ; A 672   ;","none; none; none; none","1.26 A","./target.php?radio=27363731750055518|wxcs|621:A or 600:A or 674:A or 672:A|-0.8319,0.5468,-0.0950,93.256,0.1750,0.0959,-0.9799,159.224,-0.5267,-0.8318,-0.1755,111.680,0.0,0.0,0.0,1.0&db=afhuman&afid=Q92832"
"Q86W92","LIPRIN-BETA-1","D; Q; N; D;","M 149   ; R 126   ; R 129   ; R 149   ;","A 302   ; A 331   ; A 334   ; A 328   ;","none; none; none; none","1.27 A","./target.php?radio=27363731750055518|brxp|302:A or 331:A or 334:A or 328:A|-0.5743,-0.3722,0.7291,22.910,-0.4483,0.8883,0.1003,53.997,-0.6850,-0.2692,-0.6770,88.648,0.0,0.0,0.0,1.0&db=afhuman&afid=Q86W92"
"Q96RV3","PECANEX-LIKE PROTEIN 1","D; C; N; D;","M 149   ; M 219   ; R 129   ; R 149   ;","A1549   ; A 142   ; A2021   ; A2004   ;","none; none; none; none","1.27 A","./target.php?radio=27363731750055518|dgfl|1549:A or 142:A or 2021:A or 2004:A|0.9212,-0.3889,-0.0093,114.186,0.3596,0.8420,0.4022,117.066,-0.1486,-0.3739,0.9155,140.313,0.0,0.0,0.0,1.0&db=afhuman&afid=Q96RV3"
"Q13315","SERINE-PROTEIN KINASE ATM","D; Q; D; C;","M 149   ; R 126   ; R 149   ; R 219   ;","A 540   ; A 839   ; A 836   ; A 831   ;","none; none; none; none","1.27 A","./target.php?radio=27363731750055518|khay|540:A or 839:A or 836:A or 831:A|-0.8911,0.1925,-0.4109,102.720,0.1008,0.9669,0.2344,107.279,0.4424,0.1674,-0.8810,134.883,0.0,0.0,0.0,1.0&db=afhuman&afid=Q13315"
"Q8WY21","VPS10 DOMAIN-CONTAINING RECEPTOR SORCS1","D; C; Q; N;","M 149   ; M 219   ; R 126   ; R 129   ;","A 615   ; A 707   ; A 428   ; A 431   ;","none; none; none; none","1.27 A","./target.php?radio=27363731750055518|mtym|615:A or 707:A or 428:A or 431:A|0.7872,0.0947,-0.6094,96.078,-0.5971,0.3641,-0.7147,117.246,0.1542,0.9265,0.3431,135.991,0.0,0.0,0.0,1.0&db=afhuman&afid=Q8WY21"
"Q86XX4","EXTRACELLULAR MATRIX ORGANIZING PROTEIN FRAS1","D; C; Q; D;","M 149   ; M 219   ; R 126   ; R 149   ;","A 117   ; A  94   ; A 736   ; A 733   ;","none; none; none; none","1.27 A","./target.php?radio=27363731750055518|dwwe|117:A or 94:A or 736:A or 733:A|0.3140,0.7911,0.5250,132.657,0.7478,0.1347,-0.6501,122.774,-0.5850,0.5967,-0.5493,122.149,0.0,0.0,0.0,1.0&db=afhuman&afid=Q86XX4"
