"Matches found in filtered_7u64_residues(AlphaFold)","Description","Residues","Query","Database Hits","Heteroatoms Notes in Database hit","RMSD","Viewer"
"Q7Z2W7","TRANSIENT RECEPTOR POTENTIAL CATION CHANNEL SUBFAMI","Y; Y; D; N; G;","A  47   ; A  95   ; A  98   ; A  99   ; A 190   ;","A 117   ; A 235   ; A 231   ; A 229   ; A 534   ;","none; none; none; none; none","1.08 A","./target.php?radio=24977221749604995|eesh|117:A or 235:A or 231:A or 229:A or 534:A|-0.0542,0.9974,-0.0470,-79.976,-0.9004,-0.0284,0.4341,90.291,0.4317,0.0659,0.8996,-29.792,0.0,0.0,0.0,1.0&db=afhuman&afid=Q7Z2W7"
"Q7Z5P9","MUCIN-19","N; Y; G; S; G;","A  35   ; A 100   ; A 133   ; A 186   ; A 190   ;","A 602   ; A 568   ; A 313   ; A 114   ; A  88   ;","none; none; none; none; none","1.15 A","./target.php?radio=24977221749604995|bdkt|602:A or 568:A or 313:A or 114:A or 88:A|0.5585,-0.7386,-0.3775,-81.763,0.4168,-0.1436,0.8976,105.229,-0.7172,-0.6586,0.2277,5.684,0.0,0.0,0.0,1.0&db=afhuman&afid=Q7Z5P9"
"Q86T82","UBIQUITIN CARBOXYL-TERMINAL HYDROLASE 37","N; Y; D; G; G;","A  35   ; A  50   ; A  98   ; A 133   ; A 190   ;","A 448   ; A 471   ; A 368   ; A  45   ; A   8   ;","none; none; none; none; none","1.18 A","./target.php?radio=24977221749604995|aykg|448:A or 471:A or 368:A or 45:A or 8:A|0.2685,-0.5083,-0.8183,-101.423,-0.7964,0.3608,-0.4854,101.657,0.5420,0.7819,-0.3079,18.708,0.0,0.0,0.0,1.0&db=afhuman&afid=Q86T82"
"Q5TH69","BREFELDIN A-INHIBITED GUANINE NUCLEOTIDE-EXCHANGE P","N; D; N; G; G;","A  35   ; A  98   ; A  99   ; A 133   ; A 190   ;","A 871   ; A 300   ; A 475   ; A1032   ; A 978   ;","none; none; none; none; none","1.22 A","./target.php?radio=24977221749604995|aufm|871:A or 300:A or 475:A or 1032:A or 978:A|0.4823,-0.6224,-0.6164,-63.250,-0.7019,0.1463,-0.6970,117.015,0.5240,0.7689,-0.3663,24.040,0.0,0.0,0.0,1.0&db=afhuman&afid=Q5TH69"
"Q7Z2W7","TRANSIENT RECEPTOR POTENTIAL CATION CHANNEL SUBFAMI","Y; Y; D; N; G;","A  47   ; A  95   ; A  98   ; A  99   ; A 133   ;","A 117   ; A 235   ; A 231   ; A 229   ; A 534   ;","none; none; none; none; none","1.23 A","./target.php?radio=24977221749604995|eesh|117:A or 235:A or 231:A or 229:A or 534:A|0.1692,0.9654,-0.1986,-70.936,-0.8273,0.2486,0.5037,94.782,0.5357,0.0790,0.8407,-25.310,0.0,0.0,0.0,1.0&db=afhuman&afid=Q7Z2W7"
"P08581","HEPATOCYTE GROWTH FACTOR RECEPTOR","D; N; G; S; G;","A  98   ; A  99   ; A 133   ; A 186   ; A 190   ;","A 899   ; A 898   ; A1072   ; A1075   ; A1102   ;","none; none; none; none; none","1.23 A","./target.php?radio=24977221749604995|gyvc|899:A or 898:A or 1072:A or 1075:A or 1102:A|0.9785,0.1792,-0.1021,-36.521,0.1715,-0.9819,-0.0800,100.016,-0.1146,0.0608,-0.9915,41.685,0.0,0.0,0.0,1.0&db=afhuman&afid=P08581"
"Q7Z2Y8","INTERFERON-INDUCED VERY LARGE GTPASE 1","N; D; G; S; G;","A  35   ; A  98   ; A 133   ; A 186   ; A 190   ;","A1571   ; A1536   ; A 217   ; A 299   ; A 465   ;","none; none; none; none; none","1.25 A","./target.php?radio=24977221749604995|gcsc|1571:A or 1536:A or 217:A or 299:A or 465:A|0.7148,-0.6974,-0.0526,-100.327,0.6056,0.6548,-0.4522,116.925,0.3498,0.2914,0.8904,-4.132,0.0,0.0,0.0,1.0&db=afhuman&afid=Q7Z2Y8"
"Q9HCQ5","POLYPEPTIDE N-ACETYLGALACTOSAMINYLTRANSFERASE 9","N; N; G; S; G;","A  35   ; A  99   ; A 133   ; A 186   ; A 190   ;","A 176   ; A  76   ; A 481   ; A 498   ; A 466   ;","none; none; none; none; none","1.29 A","./target.php?radio=24977221749604995|jhxp|176:A or 76:A or 481:A or 498:A or 466:A|0.6861,0.4164,-0.5966,-81.970,-0.4116,0.8983,0.1535,100.298,0.5999,0.1402,0.7877,-10.318,0.0,0.0,0.0,1.0&db=afhuman&afid=Q9HCQ5"
"Q96JH7","DEUBIQUITINATING PROTEIN VCPIP1","Y; N; G; S; G;","A  47   ; A  99   ; A 133   ; A 186   ; A 190   ;","A 585   ; A 621   ; A 921   ; A 926   ; A 933   ;","none; none; none; none; none","1.29 A","./target.php?radio=24977221749604995|kisw|585:A or 621:A or 921:A or 926:A or 933:A|0.3659,-0.8822,0.2962,-87.613,-0.9083,-0.4079,-0.0929,125.390,0.2028,-0.2351,-0.9506,-34.724,0.0,0.0,0.0,1.0&db=afhuman&afid=Q96JH7"
"O75051","PLEXIN-A2","N; D; N; G; G;","A  35   ; A  98   ; A  99   ; A 133   ; A 190   ;","A1521   ; A1567   ; A1582   ; A 467   ; A 449   ;","none; none; none; none; none","1.30 A","./target.php?radio=24977221749604995|dzpn|1521:A or 1567:A or 1582:A or 467:A or 449:A|0.9870,0.1268,0.0984,-72.189,-0.0828,0.9274,-0.3649,89.033,-0.1375,0.3520,0.9258,-11.279,0.0,0.0,0.0,1.0&db=afhuman&afid=O75051"
"Q16787","LAMININ SUBUNIT ALPHA-3","D; N; G; S; G;","A  98   ; A  99   ; A 133   ; A 186   ; A 190   ;","A 534   ; A 537   ; A1125   ; A 969   ; A 996   ;","none; none; none; none; none","1.31 A","./target.php?radio=24977221749604995|iakn|534:A or 537:A or 1125:A or 969:A or 996:A|0.8415,-0.4081,-0.3541,-86.922,0.5380,0.6927,0.4803,99.020,0.0493,-0.5946,0.8025,1.436,0.0,0.0,0.0,1.0&db=afhuman&afid=Q16787"
"P24046","GAMMA-AMINOBUTYRIC ACID RECEPTOR SUBUNIT RHO-1","N; Y; Y; G; S;","A  35   ; A  95   ; A 100   ; A 133   ; A 186   ;","A 274   ; A 272   ; A 268   ; A 317   ; A 358   ;","none; none; none; none; none","1.31 A","./target.php?radio=24977221749604995|cood|274:A or 272:A or 268:A or 317:A or 358:A|0.8569,-0.3187,-0.4051,-88.296,0.1093,-0.6557,0.7471,118.398,-0.5037,-0.6845,-0.5271,1.505,0.0,0.0,0.0,1.0&db=afhuman&afid=P24046"
"Q9UPU5","UBIQUITIN CARBOXYL-TERMINAL HYDROLASE 24","Y; Y; D; G; G;","A  33   ; A  95   ; A  98   ; A 133   ; A 190   ;","A1699   ; A1971   ; A1773   ; A 957   ; A1408   ;","none; none; none; none; none","1.31 A","./target.php?radio=24977221749604995|jkee|1699:A or 1971:A or 1773:A or 957:A or 1408:A|-0.4038,0.0330,-0.9143,-87.051,-0.3439,0.9206,0.1851,116.663,0.8478,0.3891,-0.3604,-6.022,0.0,0.0,0.0,1.0&db=afhuman&afid=Q9UPU5"
"P04275","VON WILLEBRAND FACTOR","Y; Y; G; S; G;","A  47   ; A 100   ; A 133   ; A 186   ; A 190   ;","A 475   ; A 497   ; A 385   ; A 401   ; A  68   ;","none; none; none; none; none","1.32 A","./target.php?radio=24977221749604995|aidq|475:A or 497:A or 385:A or 401:A or 68:A|0.2772,0.9608,0.0093,-95.765,-0.7250,0.2028,0.6582,108.627,0.6304,-0.1892,0.7528,10.375,0.0,0.0,0.0,1.0&db=afhuman&afid=P04275"
"Q8WZ42","TITIN","Y; Y; G; S; G;","A  47   ; A  50   ; A 133   ; A 186   ; A 190   ;","A 593   ; A 580   ; A 183   ; A 159   ; A 240   ;","none; none; none; none; none","1.32 A","./target.php?radio=24977221749604995|ijag|593:A or 580:A or 183:A or 159:A or 240:A|-0.8309,0.1919,0.5222,-35.410,-0.1147,-0.9776,0.1768,120.079,0.5444,0.0870,0.8343,-17.473,0.0,0.0,0.0,1.0&db=afhuman&afid=Q8WZ42"
"P00747","PLASMINOGEN","Y; Y; N; G; G;","A  33   ; A  47   ; A  99   ; A 133   ; A 190   ;","A  99   ; A  25   ; A 110   ; A 758   ; A 712   ;","none; none; none; none; none","1.33 A","./target.php?radio=24977221749604995|gdck|99:A or 25:A or 110:A or 758:A or 712:A|-0.2441,0.3181,0.9161,-77.178,0.5870,-0.7035,0.4007,117.707,0.7719,0.6356,-0.0150,-0.991,0.0,0.0,0.0,1.0&db=afhuman&afid=P00747"
"Q9NR48","HISTONE-LYSINE N-METHYLTRANSFERASE ASH1L","Y; Y; D; G; G;","A  33   ; A  50   ; A  98   ; A 133   ; A 190   ;","A1305   ; A1304   ; A1312   ; A1015   ; A1043   ;","none; none; none; none; none","1.34 A","./target.php?radio=24977221749604995|ealp|1305:A or 1304:A or 1312:A or 1015:A or 1043:A|0.6637,-0.4195,-0.6193,-66.871,0.3396,-0.5686,0.7492,102.751,-0.6664,-0.7076,-0.2349,-9.321,0.0,0.0,0.0,1.0&db=afhuman&afid=Q9NR48"
"P35579","MYOSIN-9","N; D; Y; G; G;","A  35   ; A  98   ; A 100   ; A 133   ; A 190   ;","A 665   ; A 155   ; A 138   ; A 626   ; A 634   ;","none; none; none; none; none","1.35 A","./target.php?radio=24977221749604995|gckm|665:A or 155:A or 138:A or 626:A or 634:A|0.6499,-0.1785,-0.7388,-92.573,0.5634,0.7656,0.3105,111.906,0.5102,-0.6180,0.5981,6.080,0.0,0.0,0.0,1.0&db=afhuman&afid=P35579"
"P30876","DNA-DIRECTED RNA POLYMERASE II SUBUNIT RPB2","Y; N; D; G; G;","A  33   ; A  35   ; A  98   ; A 133   ; A 190   ;","A 785   ; A 789   ; A 953   ; A 454   ; A 397   ;","none; none; none; none; none","1.35 A","./target.php?radio=24977221749604995|gvys|785:A or 789:A or 953:A or 454:A or 397:A|-0.6928,-0.6627,0.2843,-72.971,-0.4915,0.1455,-0.8586,96.148,0.5276,-0.7346,-0.4265,-4.215,0.0,0.0,0.0,1.0&db=afhuman&afid=P30876"
"P21817","RYANODINE RECEPTOR 1","Y; Y; Y; G; S;","A  47   ; A  95   ; A 100   ; A 133   ; A 186   ;","A 658   ; A 807   ; A1331   ; A1204   ; A1209   ;","none; none; none; none; none","1.35 A","./target.php?radio=24977221749604995|iwhz|658:A or 807:A or 1331:A or 1204:A or 1209:A|-0.2962,-0.5627,0.7718,-50.496,0.4209,0.6485,0.6343,124.700,-0.8574,0.5127,0.0448,17.447,0.0,0.0,0.0,1.0&db=afhuman&afid=P21817"
"Q9HCF6","TRANSIENT RECEPTOR POTENTIAL CATION CHANNEL SUBFAMI","N; D; G; S; G;","A  35   ; A  98   ; A 133   ; A 186   ; A 190   ;","A 719   ; A1574   ; A 146   ; A 287   ; A 222   ;","none; none; none; none; none","1.36 A","./target.php?radio=24977221749604995|eqan|719:A or 1574:A or 146:A or 287:A or 222:A|-0.0141,-0.4088,0.9125,-97.223,0.6781,-0.6746,-0.2918,115.341,0.7349,0.6146,0.2867,-4.555,0.0,0.0,0.0,1.0&db=afhuman&afid=Q9HCF6"
"P98164","LOW-DENSITY LIPOPROTEIN RECEPTOR-RELATED PROTEIN 2","D; N; Y; G; G;","A  98   ; A  99   ; A 100   ; A 133   ; A 190   ;","A 565   ; A 564   ; A 563   ; A1196   ; A1169   ;","none; none; none; none; none","1.37 A","./target.php?radio=24977221749604995|juab|565:A or 564:A or 563:A or 1196:A or 1169:A|-0.0178,-0.7948,-0.6066,-81.334,-0.2591,0.5896,-0.7650,85.585,0.9657,0.1436,-0.2165,-12.972,0.0,0.0,0.0,1.0&db=afhuman&afid=P98164"
"Q5VV63","ATTRACTIN-LIKE PROTEIN 1","Y; Y; Y; Y; Y;","A  33   ; A  47   ; A  50   ; A  95   ; A 100   ;","A 522   ; A 440   ; A 487   ; A 468   ; A 323   ;","none; none; none; none; none","1.37 A","./target.php?radio=24977221749604995|eicv|522:A or 440:A or 487:A or 468:A or 323:A|0.4327,0.0355,0.9008,-109.585,0.8999,-0.0774,-0.4292,126.348,0.0545,0.9964,-0.0655,2.335,0.0,0.0,0.0,1.0&db=afhuman&afid=Q5VV63"
"P08519","APOLIPOPROTEIN(A)","Y; Y; D; G; S;","A  50   ; A  95   ; A  98   ; A 133   ; A 186   ;","A  97   ; A  85   ; A  79   ; A1055   ; A1059   ;","none; none; none; none; none","1.37 A","./target.php?radio=24977221749604995|dtxa|97:A or 85:A or 79:A or 1055:A or 1059:A|0.3358,-0.9289,0.1564,-90.672,-0.7872,-0.3679,-0.4949,76.829,0.5172,0.0431,-0.8548,8.966,0.0,0.0,0.0,1.0&db=afhuman&afid=P08519"
"Q01955","COLLAGEN ALPHA-3(IV) CHAIN","N; Y; D; N; G;","A  35   ; A  50   ; A  98   ; A  99   ; A 190   ;","A1627   ; A1625   ; A1518   ; A1517   ; A 360   ;","none; none; none; none; none","1.37 A","./target.php?radio=24977221749604995|heyt|1627:A or 1625:A or 1518:A or 1517:A or 360:A|0.0830,-0.9012,0.4254,-103.764,0.7140,-0.2440,-0.6562,104.644,0.6952,0.3582,0.6232,3.808,0.0,0.0,0.0,1.0&db=afhuman&afid=Q01955"
"Q01955","COLLAGEN ALPHA-3(IV) CHAIN","N; Y; D; N; G;","A  35   ; A  50   ; A  98   ; A  99   ; A 190   ;","A1627   ; A1625   ; A1518   ; A1517   ; A 213   ;","none; none; none; none; none","1.37 A","./target.php?radio=24977221749604995|heyt|1627:A or 1625:A or 1518:A or 1517:A or 213:A|0.2722,-0.8939,0.3560,-107.275,0.5876,-0.1386,-0.7972,104.734,0.7620,0.4262,0.4876,1.256,0.0,0.0,0.0,1.0&db=afhuman&afid=Q01955"
"Q8WXI7","MUCIN-16","Y; Y; D; N; G;","A  50   ; A  95   ; A  98   ; A  99   ; A 190   ;","A 188   ; A 212   ; A 207   ; A 209   ; A1375   ;","none; none; none; none; none","1.38 A","./target.php?radio=24977221749604995|dngz|188:A or 212:A or 207:A or 209:A or 1375:A|-0.8106,-0.2396,-0.5344,-68.723,0.5428,0.0354,-0.8391,96.127,0.2200,-0.9702,0.1014,-12.729,0.0,0.0,0.0,1.0&db=afhuman&afid=Q8WXI7"
"P08F94","FIBROCYSTIN","N; N; G; S; G;","A  35   ; A  99   ; A 133   ; A 186   ; A 190   ;","A1140   ; A 633   ; A 243   ; A 245   ; A 224   ;","none; none; none; none; none","1.38 A","./target.php?radio=24977221749604995|heri|1140:A or 633:A or 243:A or 245:A or 224:A|-0.6270,-0.3697,0.6857,-91.056,0.5074,-0.8617,-0.0007,121.372,0.5912,0.3475,0.7278,-9.983,0.0,0.0,0.0,1.0&db=afhuman&afid=P08F94"
"P08F94","FIBROCYSTIN","N; Y; G; S; G;","A  35   ; A  47   ; A 133   ; A 186   ; A 190   ;","A1353   ; A1352   ; A1177   ; A1239   ; A1269   ;","none; none; none; none; none","1.38 A","./target.php?radio=24977221749604995|hhjo|1353:A or 1352:A or 1177:A or 1239:A or 1269:A|0.3703,-0.7530,0.5440,-38.016,-0.7546,-0.5853,-0.2966,124.239,0.5417,-0.3007,-0.7849,-54.499,0.0,0.0,0.0,1.0&db=afhuman&afid=P08F94"
"Q9Y6R7","IGGFC-BINDING PROTEIN","Y; Y; G; S; G;","A  50   ; A 100   ; A 133   ; A 186   ; A 190   ;","A 574   ; A 594   ; A1207   ; A1197   ; A 953   ;","none; none; none; none; none","1.38 A","./target.php?radio=24977221749604995|aiok|574:A or 594:A or 1207:A or 1197:A or 953:A|0.9203,0.3268,-0.2151,-110.478,-0.2744,0.9310,0.2407,105.667,0.2789,-0.1625,0.9465,3.563,0.0,0.0,0.0,1.0&db=afhuman&afid=Q9Y6R7"
"Q9NTG1","POLYCYSTIC KIDNEY DISEASE AND RECEPTOR FOR EGG JELL","D; N; G; S; G;","A  98   ; A  99   ; A 133   ; A 186   ; A 190   ;","A 938   ; A 939   ; A1016   ; A1078   ; A 983   ;","none; none; none; none; none","1.38 A","./target.php?radio=24977221749604995|awwt|938:A or 939:A or 1016:A or 1078:A or 983:A|-0.7115,0.0871,0.6972,-79.455,-0.6388,-0.4935,-0.5903,103.379,0.2926,-0.8654,0.4067,-29.301,0.0,0.0,0.0,1.0&db=afhuman&afid=Q9NTG1"
"Q16787","LAMININ SUBUNIT ALPHA-3","Y; N; Y; G; G;","A  47   ; A  99   ; A 100   ; A 133   ; A 190   ;","A 413   ; A 502   ; A 503   ; A 985   ; A1153   ;","none; none; none; none; none","1.39 A","./target.php?radio=24977221749604995|bias|413:A or 502:A or 503:A or 985:A or 1153:A|-0.6582,0.4337,-0.6153,-77.872,-0.0631,-0.8462,-0.5291,109.786,-0.7502,-0.3094,0.5844,-4.436,0.0,0.0,0.0,1.0&db=afhuman&afid=Q16787"
"O60494","CUBILIN","Y; Y; Y; G; G;","A  33   ; A  47   ; A 100   ; A 133   ; A 190   ;","A1068   ; A1076   ; A1103   ; A 825   ; A 818   ;","none; none; none; none; none","1.39 A","./target.php?radio=24977221749604995|esyu|1068:A or 1076:A or 1103:A or 825:A or 818:A|-0.4803,-0.8035,0.3517,-64.122,0.1293,-0.4615,-0.8777,116.530,0.8675,-0.3761,0.3256,1.685,0.0,0.0,0.0,1.0&db=afhuman&afid=O60494"
"Q9C0G6","DYNEIN HEAVY CHAIN 6, AXONEMAL","Y; N; Y; S; G;","A  33   ; A  35   ; A  47   ; A 186   ; A 190   ;","A 653   ; A 655   ; A 662   ; A1079   ; A1077   ;","none; none; none; none; none","1.40 A","./target.php?radio=24977221749604995|iqbg|653:A or 655:A or 662:A or 1079:A or 1077:A|0.4473,0.8712,-0.2022,-109.056,0.8475,-0.4851,-0.2154,80.938,-0.2858,-0.0750,-0.9554,6.506,0.0,0.0,0.0,1.0&db=afhuman&afid=Q9C0G6"
"O60303","KATANIN-INTERACTING PROTEIN","Y; D; N; G; G;","A  47   ; A  98   ; A  99   ; A 133   ; A 190   ;","A1315   ; A1356   ; A1276   ; A1037   ; A 992   ;","none; none; none; none; none","1.40 A","./target.php?radio=24977221749604995|gyym|1315:A or 1356:A or 1276:A or 1037:A or 992:A|0.4503,0.8757,0.1743,-85.317,-0.2737,-0.0504,0.9605,106.341,0.8499,-0.4802,0.2170,17.675,0.0,0.0,0.0,1.0&db=afhuman&afid=O60303"
"Q6V0I7","PROTOCADHERIN FAT 4","Y; D; N; G; G;","A  95   ; A  98   ; A  99   ; A 133   ; A 190   ;","A 415   ; A 416   ; A 417   ; A 870   ; A 876   ;","none; none; none; none; none","1.40 A","./target.php?radio=24977221749604995|ihxm|415:A or 416:A or 417:A or 870:A or 876:A|-0.9204,-0.3583,-0.1563,-91.308,0.0833,-0.5705,0.8171,110.395,-0.3819,0.7391,0.5549,-17.321,0.0,0.0,0.0,1.0&db=afhuman&afid=Q6V0I7"
"Q6N022","TENEURIN-4","Y; D; Y; G; G;","A  47   ; A  98   ; A 100   ; A 133   ; A 190   ;","A 682   ; A 647   ; A 650   ; A 227   ; A 216   ;","none; none; none; none; none","1.40 A","./target.php?radio=24977221749604995|datp|682:A or 647:A or 650:A or 227:A or 216:A|0.8385,0.1330,0.5284,-93.673,0.5071,0.1640,-0.8461,92.757,-0.1992,0.9775,0.0701,0.872,0.0,0.0,0.0,1.0&db=afhuman&afid=Q6N022"
"Q8WXI7","MUCIN-16","Y; Y; D; N; G;","A  50   ; A  95   ; A  98   ; A  99   ; A 190   ;","A 677   ; A 701   ; A 696   ; A 698   ; A 372   ;","none; none; none; none; none","1.41 A","./target.php?radio=24977221749604995|kbue|677:A or 701:A or 696:A or 698:A or 372:A|0.1362,-0.8399,0.5255,-78.388,-0.9212,0.0877,0.3790,117.411,-0.3644,-0.5357,-0.7618,-14.444,0.0,0.0,0.0,1.0&db=afhuman&afid=Q8WXI7"
"Q9Y6N8","CADHERIN-10","D; N; Y; S; G;","A  98   ; A  99   ; A 100   ; A 186   ; A 190   ;","A 572   ; A 483   ; A 573   ; A 282   ; A 285   ;","none; none; none; none; none","1.41 A","./target.php?radio=24977221749604995|flcu|572:A or 483:A or 573:A or 282:A or 285:A|0.0011,-0.5106,0.8598,-50.414,0.7753,-0.5427,-0.3233,84.935,0.6316,0.6669,0.3952,-10.500,0.0,0.0,0.0,1.0&db=afhuman&afid=Q9Y6N8"
"P08648","INTEGRIN ALPHA-5","Y; N; G; S; G;","A  33   ; A  35   ; A 133   ; A 186   ; A 190   ;","A 689   ; A 735   ; A 457   ; A 395   ; A 346   ;","none; none; none; none; none","1.41 A","./target.php?radio=24977221749604995|cgiw|689:A or 735:A or 457:A or 395:A or 346:A|0.9733,-0.1503,-0.1732,-61.585,0.1778,0.0179,0.9839,96.738,-0.1448,-0.9885,0.0441,-4.508,0.0,0.0,0.0,1.0&db=afhuman&afid=P08648"
"O15230","LAMININ SUBUNIT ALPHA-5","Y; N; Y; S; G;","A  33   ; A  35   ; A  47   ; A 186   ; A 190   ;","A 559   ; A1064   ; A1003   ; A1174   ; A1144   ;","none; none; none; none; none","1.41 A","./target.php?radio=24977221749604995|bgfn|559:A or 1064:A or 1003:A or 1174:A or 1144:A|-0.1403,-0.5548,0.8201,-81.811,0.5697,-0.7226,-0.3915,102.789,0.8098,0.4123,0.4175,14.311,0.0,0.0,0.0,1.0&db=afhuman&afid=O15230"
"Q6N022","TENEURIN-4","Y; Y; D; Y; G;","A  33   ; A  50   ; A  98   ; A 100   ; A 190   ;","A 797   ; A 806   ; A 790   ; A 776   ; A1184   ;","none; none; none; none; none","1.41 A","./target.php?radio=24977221749604995|jhfi|797:A or 806:A or 790:A or 776:A or 1184:A|0.3478,-0.4532,0.8208,-88.517,0.3983,-0.7211,-0.5669,132.031,0.8488,0.5240,-0.0703,14.132,0.0,0.0,0.0,1.0&db=afhuman&afid=Q6N022"
"P98160","BASEMENT MEMBRANE-SPECIFIC HEPARAN SULFATE PROTEOGL","N; Y; G; S; G;","A  35   ; A  47   ; A 133   ; A 186   ; A 190   ;","A 157   ; A 189   ; A  86   ; A  84   ; A 100   ;","none; none; none; none; none","1.41 A","./target.php?radio=24977221749604995|fqyy|157:A or 189:A or 86:A or 84:A or 100:A|-0.0865,-0.7184,-0.6903,-91.307,0.4638,-0.6423,0.6103,86.191,-0.8817,-0.2673,0.3887,6.946,0.0,0.0,0.0,1.0&db=afhuman&afid=P98160"
"Q96RW7","HEMICENTIN-1","N; Y; G; S; G;","A  35   ; A  95   ; A 133   ; A 186   ; A 190   ;","A 272   ; A 271   ; A 224   ; A 220   ; A 215   ;","none; none; none; none; none","1.41 A","./target.php?radio=24977221749604995|hyhq|272:A or 271:A or 224:A or 220:A or 215:A|-0.3985,-0.3947,-0.8279,-87.391,0.6695,0.4918,-0.5567,190.407,0.6269,-0.7761,0.0683,24.455,0.0,0.0,0.0,1.0&db=afhuman&afid=Q96RW7"
"Q9BXU1","SERINE/THREONINE-PROTEIN KINASE 31","N; Y; Y; G; G;","A  35   ; A  50   ; A  95   ; A 133   ; A 190   ;","A 118   ; A 116   ; A 113   ; A 915   ; A 934   ;","none; none; none; none; none","1.42 A","./target.php?radio=24977221749604995|hsol|118:A or 116:A or 113:A or 915:A or 934:A|-0.7551,-0.5596,0.3415,-62.277,0.6484,-0.7146,0.2627,122.225,0.0970,0.4198,0.9024,19.687,0.0,0.0,0.0,1.0&db=afhuman&afid=Q9BXU1"
"Q99973","TELOMERASE PROTEIN COMPONENT 1","Y; Y; G; S; G;","A  47   ; A  95   ; A 133   ; A 186   ; A 190   ;","A 984   ; A 998   ; A1494   ; A1170   ; A1168   ;","none; none; none; none; none","1.42 A","./target.php?radio=24977221749604995|jsdp|984:A or 998:A or 1494:A or 1170:A or 1168:A|-0.4069,-0.4691,-0.7838,-54.193,-0.7533,0.6576,-0.0025,111.282,0.5166,0.5895,-0.6210,32.631,0.0,0.0,0.0,1.0&db=afhuman&afid=Q99973"
"Q13459","UNCONVENTIONAL MYOSIN-IXB","Y; N; D; N; G;","A  33   ; A  35   ; A  98   ; A  99   ; A 133   ;","A 620   ; A 618   ; A 574   ; A 575   ; A1455   ;","none; none; none; none; none","1.42 A","./target.php?radio=24977221749604995|ddsa|620:A or 618:A or 574:A or 575:A or 1455:A|-0.2323,0.6838,-0.6917,-113.364,-0.5677,-0.6728,-0.4744,148.911,-0.7898,0.2825,0.5445,12.673,0.0,0.0,0.0,1.0&db=afhuman&afid=Q13459"
"Q9HAS3","SOLUTE CARRIER FAMILY 28 MEMBER 3","N; N; G; S; G;","A  35   ; A  99   ; A 133   ; A 186   ; A 190   ;","A 620   ; A 630   ; A 439   ; A 300   ; A 306   ;","none; none; none; none; none","1.42 A","./target.php?radio=24977221749604995|gyap|620:A or 630:A or 439:A or 300:A or 306:A|0.9736,0.0697,0.2176,-72.692,-0.2110,0.6394,0.7393,106.305,-0.0876,-0.7657,0.6373,-10.212,0.0,0.0,0.0,1.0&db=afhuman&afid=Q9HAS3"
"O60292","SIGNAL-INDUCED PROLIFERATION-ASSOCIATED 1-LIKE PROT","Y; Y; G; S; G;","A  47   ; A  50   ; A 133   ; A 186   ; A 190   ;","A 686   ; A 669   ; A1201   ; A1203   ; A1206   ;","none; none; none; none; none","1.43 A","./target.php?radio=24977221749604995|ddzz|686:A or 669:A or 1201:A or 1203:A or 1206:A|-0.6171,0.7800,-0.1040,-112.099,-0.2838,-0.3438,-0.8951,119.825,-0.7340,-0.5228,0.4335,20.186,0.0,0.0,0.0,1.0&db=afhuman&afid=O60292"
"P27487","DIPEPTIDYL PEPTIDASE 4","Y; Y; N; G; S;","A  50   ; A  95   ; A  99   ; A 133   ; A 186   ;","A 467   ; A  68   ; A  85   ; A 645   ; A 642   ;","none; none; none; none; none","1.43 A","./target.php?radio=24977221749604995|bwzf|467:A or 68:A or 85:A or 645:A or 642:A|-0.6609,0.2425,0.7102,-88.663,-0.0641,-0.9612,0.2685,103.774,0.7477,0.1319,0.6508,5.094,0.0,0.0,0.0,1.0&db=afhuman&afid=P27487"
"Q9NTG1","POLYCYSTIC KIDNEY DISEASE AND RECEPTOR FOR EGG JELL","D; N; G; S; G;","A  98   ; A  99   ; A 133   ; A 186   ; A 190   ;","A 938   ; A 939   ; A1016   ; A1078   ; A 984   ;","none; none; none; none; none","1.43 A","./target.php?radio=24977221749604995|awwt|938:A or 939:A or 1016:A or 1078:A or 984:A|-0.6865,0.0527,0.7252,-81.014,-0.6127,-0.5790,-0.5379,99.709,0.3916,-0.8136,0.4298,-28.468,0.0,0.0,0.0,1.0&db=afhuman&afid=Q9NTG1"
"Q04721","NEUROGENIC LOCUS NOTCH HOMOLOG PROTEIN 2","Y; Y; N; G; G;","A  33   ; A  47   ; A  99   ; A 133   ; A 190   ;","A1134   ; A1145   ; A1128   ; A 553   ; A 526   ;","none; none; none; none; none","1.43 A","./target.php?radio=24977221749604995|jadw|1134:A or 1145:A or 1128:A or 553:A or 526:A|0.2039,-0.6826,-0.7018,-105.031,0.5410,0.6760,-0.5004,74.995,0.8159,-0.2776,0.5071,-53.339,0.0,0.0,0.0,1.0&db=afhuman&afid=Q04721"
"Q9UGR2","ZINC FINGER CCCH DOMAIN-CONTAINING PROTEIN 7B","Y; Y; G; S; G;","A  47   ; A  50   ; A 133   ; A 186   ; A 190   ;","A  28   ; A  68   ; A 568   ; A 566   ; A 841   ;","none; none; none; none; none","1.43 A","./target.php?radio=24977221749604995|hczt|28:A or 68:A or 568:A or 566:A or 841:A|0.4560,-0.6846,-0.5686,-78.867,0.5166,-0.3167,0.7955,96.055,-0.7247,-0.6565,0.2093,12.333,0.0,0.0,0.0,1.0&db=afhuman&afid=Q9UGR2"
"Q7Z5P9","MUCIN-19","N; Y; G; S; G;","A  35   ; A 100   ; A 133   ; A 186   ; A 190   ;","A1202   ; A1168   ; A 913   ; A 714   ; A 688   ;","none; none; none; none; none","1.43 A","./target.php?radio=24977221749604995|bpwg|1202:A or 1168:A or 913:A or 714:A or 688:A|-0.5608,0.3730,-0.7392,-83.461,-0.7921,-0.5016,0.3478,117.313,-0.2411,0.7806,0.5767,7.757,0.0,0.0,0.0,1.0&db=afhuman&afid=Q7Z5P9"
"Q6N022","TENEURIN-4","Y; Y; D; Y; G;","A  33   ; A  50   ; A  98   ; A 100   ; A 190   ;","A 397   ; A 406   ; A 390   ; A 376   ; A 784   ;","none; none; none; none; none","1.43 A","./target.php?radio=24977221749604995|jgdj|397:A or 406:A or 390:A or 376:A or 784:A|0.9554,-0.2916,0.0468,-79.112,0.1670,0.6642,0.7287,124.047,-0.2436,-0.6884,0.6833,1.916,0.0,0.0,0.0,1.0&db=afhuman&afid=Q6N022"
"Q8WXI7","MUCIN-16","Y; Y; D; N; G;","A  50   ; A  95   ; A  98   ; A  99   ; A 133   ;","A  77   ; A 101   ; A  96   ; A  98   ; A 714   ;","none; none; none; none; none","1.43 A","./target.php?radio=24977221749604995|josq|77:A or 101:A or 96:A or 98:A or 714:A|0.2669,-0.1025,-0.9583,-98.240,0.7234,0.6783,0.1289,108.066,0.6367,-0.7276,0.2552,-11.286,0.0,0.0,0.0,1.0&db=afhuman&afid=Q8WXI7"
"P08519","APOLIPOPROTEIN(A)","Y; Y; Y; G; G;","A  33   ; A  47   ; A 100   ; A 133   ; A 190   ;","A 377   ; A 399   ; A 491   ; A1374   ; A1367   ;","none; none; none; none; none","1.43 A","./target.php?radio=24977221749604995|fbwv|377:A or 399:A or 491:A or 1374:A or 1367:A|-0.8544,-0.2763,0.4401,-95.335,0.3737,0.2619,0.8898,110.537,-0.3611,0.9247,-0.1205,20.563,0.0,0.0,0.0,1.0&db=afhuman&afid=P08519"
"O75445","USHERIN","N; D; G; S; G;","A  35   ; A  98   ; A 133   ; A 186   ; A 190   ;","A  62   ; A  34   ; A 649   ; A 651   ; A 732   ;","none; none; none; none; none","1.44 A","./target.php?radio=24977221749604995|idzl|62:A or 34:A or 649:A or 651:A or 732:A|-0.2234,0.2775,0.9344,-69.241,-0.9077,0.2900,-0.3032,108.558,-0.3552,-0.9159,0.1871,38.334,0.0,0.0,0.0,1.0&db=afhuman&afid=O75445"
"Q7Z407","CUB AND SUSHI DOMAIN-CONTAINING PROTEIN 3","Y; Y; G; S; G;","A  47   ; A  95   ; A 133   ; A 186   ; A 190   ;","A 146   ; A  69   ; A 315   ; A 228   ; A 215   ;","none; none; none; none; none","1.44 A","./target.php?radio=24977221749604995|hsmz|146:A or 69:A or 315:A or 228:A or 215:A|-0.5661,-0.6378,0.5222,-39.135,-0.3348,-0.4010,-0.8527,113.970,0.7533,-0.6576,0.0135,-16.421,0.0,0.0,0.0,1.0&db=afhuman&afid=Q7Z407"
"Q9Y4A5","TRANSFORMATION/TRANSCRIPTION DOMAIN-ASSOCIATED PROT","N; Y; Y; S; G;","A  35   ; A  50   ; A 100   ; A 186   ; A 190   ;","A 178   ; A 231   ; A 281   ; A 980   ; A 985   ;","none; none; none; none; none","1.44 A","./target.php?radio=24977221749604995|jdqv|178:A or 231:A or 281:A or 980:A or 985:A|-0.2832,-0.9229,-0.2609,-116.123,0.6545,-0.3848,0.6508,86.396,-0.7010,0.0135,0.7130,0.117,0.0,0.0,0.0,1.0&db=afhuman&afid=Q9Y4A5"
"Q6N022","TENEURIN-4","Y; D; N; G; S;","A  47   ; A  98   ; A  99   ; A 133   ; A 186   ;","A1189   ; A1009   ; A1008   ; A 773   ; A 771   ;","none; none; none; none; none","1.44 A","./target.php?radio=24977221749604995|jgdj|1189:A or 1009:A or 1008:A or 773:A or 771:A|-0.2388,-0.4911,0.8377,-56.724,0.4871,0.6857,0.5409,118.254,-0.8400,0.5372,0.0755,16.186,0.0,0.0,0.0,1.0&db=afhuman&afid=Q6N022"
"Q7Z7M0","MULTIPLE EPIDERMAL GROWTH FACTOR-LIKE DOMAINS PROTE","Y; D; G; S; G;","A  47   ; A  98   ; A 133   ; A 186   ; A 190   ;","A 251   ; A 162   ; A1044   ; A1040   ; A 986   ;","none; none; none; none; none","1.44 A","./target.php?radio=24977221749604995|eylv|251:A or 162:A or 1044:A or 1040:A or 986:A|-0.5097,-0.0282,0.8599,-63.476,0.7558,0.4627,0.4633,99.126,-0.4110,0.8861,-0.2145,-22.419,0.0,0.0,0.0,1.0&db=afhuman&afid=Q7Z7M0"
"Q8N2C7","PROTEIN UNC-80 HOMOLOG","Y; Y; N; G; G;","A  33   ; A  47   ; A  99   ; A 133   ; A 190   ;","A 249   ; A  61   ; A 257   ; A 128   ; A 123   ;","none; none; none; none; none","1.44 A","./target.php?radio=24977221749604995|awea|249:A or 61:A or 257:A or 128:A or 123:A|-0.1952,-0.9590,0.2056,-123.078,-0.9150,0.1025,-0.3903,101.078,0.3532,-0.2643,-0.8974,40.892,0.0,0.0,0.0,1.0&db=afhuman&afid=Q8N2C7"
"Q15413","RYANODINE RECEPTOR 3","Y; Y; Y; D; G;","A  33   ; A  47   ; A  50   ; A  98   ; A 190   ;","A 555   ; A 552   ; A 487   ; A 269   ; A1233   ;","none; none; none; none; none","1.44 A","./target.php?radio=24977221749604995|cpxr|555:A or 552:A or 487:A or 269:A or 1233:A|-0.9836,0.1592,0.0843,-88.812,-0.0506,0.2047,-0.9775,101.491,-0.1729,-0.9658,-0.1932,13.645,0.0,0.0,0.0,1.0&db=afhuman&afid=Q15413"
"Q6N022","TENEURIN-4","Y; N; N; G; G;","A  33   ; A  35   ; A  99   ; A 133   ; A 190   ;","A 775   ; A 777   ; A 489   ; A 984   ; A1172   ;","none; none; none; none; none","1.44 A","./target.php?radio=24977221749604995|jgdj|775:A or 777:A or 489:A or 984:A or 1172:A|0.2333,0.8337,-0.5005,-98.772,-0.3496,-0.4083,-0.8432,101.873,-0.9074,0.3717,0.1962,16.347,0.0,0.0,0.0,1.0&db=afhuman&afid=Q6N022"
"Q6N022","TENEURIN-4","Y; D; N; G; S;","A  47   ; A  98   ; A  99   ; A 133   ; A 186   ;","A 989   ; A 809   ; A 808   ; A 573   ; A 571   ;","none; none; none; none; none","1.44 A","./target.php?radio=24977221749604995|kmau|989:A or 809:A or 808:A or 573:A or 571:A|-0.6171,-0.6127,0.4937,-63.019,0.7476,-0.2608,0.6108,116.238,-0.2455,0.7460,0.6190,5.660,0.0,0.0,0.0,1.0&db=afhuman&afid=Q6N022"
"Q9UBZ9","DNA REPAIR PROTEIN REV1","N; D; N; G; G;","A  35   ; A  98   ; A  99   ; A 133   ; A 190   ;","A1006   ; A1002   ; A1000   ; A 609   ; A 697   ;","none; none; none; none; none","1.45 A","./target.php?radio=24977221749604995|kcne|1006:A or 1002:A or 1000:A or 609:A or 697:A|0.0902,-0.8808,0.4647,-60.276,-0.8703,-0.2966,-0.3933,91.389,0.4843,-0.3690,-0.7933,11.496,0.0,0.0,0.0,1.0&db=afhuman&afid=Q9UBZ9"
"A2VEC9","SCO-SPONDIN","Y; Y; N; G; G;","A  33   ; A  95   ; A  99   ; A 133   ; A 190   ;","A 633   ; A 623   ; A 655   ; A 561   ; A 533   ;","none; none; none; none; none","1.45 A","./target.php?radio=24977221749604995|ahqz|633:A or 623:A or 655:A or 561:A or 533:A|-0.8321,0.5466,-0.0941,-95.486,0.5547,0.8202,-0.1401,117.050,0.0006,-0.1688,-0.9857,5.195,0.0,0.0,0.0,1.0&db=afhuman&afid=A2VEC9"
"P58107","EPIPLAKIN","Y; D; G; S; G;","A  50   ; A  98   ; A 133   ; A 186   ; A 190   ;","A 205   ; A 179   ; A  41   ; A  39   ; A  36   ;","none; none; none; none; none","1.45 A","./target.php?radio=24977221749604995|gnxz|205:A or 179:A or 41:A or 39:A or 36:A|-0.8498,-0.4566,0.2633,-100.817,-0.5269,0.7490,-0.4017,104.108,-0.0138,-0.4801,-0.8771,-39.199,0.0,0.0,0.0,1.0&db=afhuman&afid=P58107"
"Q9UKZ4","TENEURIN-1","Y; N; G; S; G;","A  50   ; A  99   ; A 133   ; A 186   ; A 190   ;","A 261   ; A 256   ; A 156   ; A  31   ; A  35   ;","none; none; none; none; none","1.45 A","./target.php?radio=24977221749604995|gmgu|261:A or 256:A or 156:A or 31:A or 35:A|0.4981,-0.2596,-0.8273,-48.863,-0.6541,0.5138,-0.5551,109.045,0.5692,0.8177,0.0861,5.733,0.0,0.0,0.0,1.0&db=afhuman&afid=Q9UKZ4"
"A8TX70","COLLAGEN ALPHA-5(VI) CHAIN","Y; N; G; S; G;","A  33   ; A  35   ; A 133   ; A 186   ; A 190   ;","A 867   ; A 869   ; A1311   ; A1202   ; A1278   ;","none; none; none; none; none","1.45 A","./target.php?radio=24977221749604995|huvg|867:A or 869:A or 1311:A or 1202:A or 1278:A|0.1722,0.9830,0.0634,-86.774,-0.5624,0.1509,-0.8130,121.737,-0.8087,0.1043,0.5789,-49.143,0.0,0.0,0.0,1.0&db=afhuman&afid=A8TX70"
"O15230","LAMININ SUBUNIT ALPHA-5","Y; Y; G; S; G;","A  33   ; A 100   ; A 133   ; A 186   ; A 190   ;","A 763   ; A 816   ; A1086   ; A 949   ; A1285   ;","none; none; none; none; none","1.45 A","./target.php?radio=24977221749604995|ffri|763:A or 816:A or 1086:A or 949:A or 1285:A|-0.2259,-0.2944,0.9286,-92.582,0.2900,-0.9303,-0.2244,102.625,0.9300,0.2186,0.2955,20.156,0.0,0.0,0.0,1.0&db=afhuman&afid=O15230"
"A4D2P6","DELPHILIN","Y; Y; D; G; S;","A  33   ; A  47   ; A  98   ; A 133   ; A 186   ;","A 433   ; A 449   ; A 437   ; A1204   ; A1202   ;","none; none; none; none; none","1.45 A","./target.php?radio=24977221749604995|hlzk|433:A or 449:A or 437:A or 1204:A or 1202:A|-0.5342,-0.1286,0.8355,-101.240,0.7205,0.4478,0.5295,92.696,-0.4423,0.8848,-0.1465,-12.643,0.0,0.0,0.0,1.0&db=afhuman&afid=A4D2P6"
"Q6N022","TENEURIN-4","N; N; G; S; G;","A  35   ; A  99   ; A 133   ; A 186   ; A 190   ;","A 409   ; A 435   ; A1167   ; A1164   ; A1271   ;","none; none; none; none; none","1.45 A","./target.php?radio=24977221749604995|kmau|409:A or 435:A or 1167:A or 1164:A or 1271:A|-0.9082,-0.0665,-0.4133,-85.791,-0.3744,-0.3126,0.8730,102.841,-0.1872,0.9475,0.2590,-4.598,0.0,0.0,0.0,1.0&db=afhuman&afid=Q6N022"
"O75369","FILAMIN-B","Y; D; N; G; S;","A  50   ; A  98   ; A  99   ; A 133   ; A 186   ;","A1888   ; A1911   ; A1837   ; A1646   ; A1535   ;","none; none; none; none; none","1.45 A","./target.php?radio=24977221749604995|atwa|1888:A or 1911:A or 1837:A or 1646:A or 1535:A|0.7758,0.5782,0.2526,-127.429,0.0579,-0.4638,0.8840,142.572,0.6283,-0.6712,-0.3933,-13.216,0.0,0.0,0.0,1.0&db=afhuman&afid=O75369"
"Q9P225","DYNEIN HEAVY CHAIN 2, AXONEMAL","Y; Y; N; G; G;","A  47   ; A  50   ; A  99   ; A 133   ; A 190   ;","A 881   ; A 837   ; A1010   ; A 417   ; A 248   ;","none; none; none; none; none","1.46 A","./target.php?radio=24977221749604995|bksd|881:A or 837:A or 1010:A or 417:A or 248:A|0.8942,-0.0931,-0.4380,-80.315,0.2311,-0.7419,0.6295,121.605,-0.3835,-0.6641,-0.6418,7.537,0.0,0.0,0.0,1.0&db=afhuman&afid=Q9P225"
"Q6ZMT9","DEATH DOMAIN-CONTAINING PROTEIN 1","Y; D; N; S; G;","A  50   ; A  98   ; A  99   ; A 186   ; A 190   ;","A 583   ; A 178   ; A 575   ; A 334   ; A 312   ;","none; none; none; none; none","1.46 A","./target.php?radio=24977221749604995|hnry|583:A or 178:A or 575:A or 334:A or 312:A|-0.7070,0.3779,0.5978,-98.486,0.2382,0.9231,-0.3019,106.518,-0.6659,-0.0710,-0.7426,-11.536,0.0,0.0,0.0,1.0&db=afhuman&afid=Q6ZMT9"
"Q9Y6R7","IGGFC-BINDING PROTEIN","N; Y; G; S; G;","A  99   ; A 100   ; A 133   ; A 186   ; A 190   ;","A 111   ; A 137   ; A 473   ; A 507   ; A 502   ;","none; none; none; none; none","1.46 A","./target.php?radio=24977221749604995|aiok|111:A or 137:A or 473:A or 507:A or 502:A|0.9971,0.0743,-0.0154,-69.977,-0.0223,0.4817,0.8760,96.615,0.0725,-0.8732,0.4820,9.344,0.0,0.0,0.0,1.0&db=afhuman&afid=Q9Y6R7"
"Q53EL9","SEIZURE PROTEIN 6 HOMOLOG","N; Y; D; G; G;","A  35   ; A  95   ; A  98   ; A 133   ; A 190   ;","A 608   ; A 613   ; A 644   ; A 192   ; A 187   ;","none; none; none; none; none","1.46 A","./target.php?radio=24977221749604995|iysj|608:A or 613:A or 644:A or 192:A or 187:A|0.0187,0.1468,-0.9890,-104.738,0.7399,-0.6673,-0.0850,105.172,-0.6724,-0.7302,-0.1211,2.987,0.0,0.0,0.0,1.0&db=afhuman&afid=Q53EL9"
"Q6N022","TENEURIN-4","Y; Y; D; G; G;","A  33   ; A  50   ; A  98   ; A 133   ; A 190   ;","A 397   ; A 406   ; A 390   ; A1095   ; A1075   ;","none; none; none; none; none","1.46 A","./target.php?radio=24977221749604995|jgdj|397:A or 406:A or 390:A or 1095:A or 1075:A|0.9517,-0.0938,0.2925,-79.119,-0.1650,0.6471,0.7443,114.262,-0.2591,-0.7566,0.6003,1.376,0.0,0.0,0.0,1.0&db=afhuman&afid=Q6N022"
"Q9Y6R6","ZINC FINGER PROTEIN 780B","N; Y; G; S; G;","A  35   ; A  95   ; A 133   ; A 186   ; A 190   ;","A 140   ; A 138   ; A 395   ; A 397   ; A 385   ;","none; none; none; none; none","1.46 A","./target.php?radio=24977221749604995|gjzg|140:A or 138:A or 395:A or 397:A or 385:A|-0.9570,0.0027,0.2900,-39.715,-0.2148,0.6654,-0.7150,80.907,-0.1949,-0.7465,-0.6362,3.548,0.0,0.0,0.0,1.0&db=afhuman&afid=Q9Y6R6"
"Q8WXI7","MUCIN-16","Y; Y; D; N; G;","A  50   ; A  95   ; A  98   ; A  99   ; A 190   ;","A 833   ; A 857   ; A 852   ; A 854   ; A 546   ;","none; none; none; none; none","1.47 A","./target.php?radio=24977221749604995|kbue|833:A or 857:A or 852:A or 854:A or 546:A|0.2441,-0.9275,-0.2832,-69.596,-0.8628,-0.3411,0.3732,116.256,-0.4428,0.1533,-0.8835,-19.283,0.0,0.0,0.0,1.0&db=afhuman&afid=Q8WXI7"
"Q9Y2A4","ZINC FINGER PROTEIN 443","Y; Y; Y; S; G;","A  33   ; A  50   ; A  95   ; A 186   ; A 190   ;","A 265   ; A 253   ; A 268   ; A 410   ; A 419   ;","none; none; none; none; none","1.47 A","./target.php?radio=24977221749604995|jljj|265:A or 253:A or 268:A or 410:A or 419:A|-0.7534,-0.1392,0.6426,-60.493,-0.2405,0.9679,-0.0724,109.756,-0.6119,-0.2091,-0.7628,-8.312,0.0,0.0,0.0,1.0&db=afhuman&afid=Q9Y2A4"
"Q15413","RYANODINE RECEPTOR 3","Y; Y; Y; D; G;","A  33   ; A  47   ; A  50   ; A  98   ; A 190   ;","A 355   ; A 352   ; A 287   ; A  69   ; A1033   ;","none; none; none; none; none","1.47 A","./target.php?radio=24977221749604995|cvpj|355:A or 352:A or 287:A or 69:A or 1033:A|-0.0092,-0.9603,0.2789,-68.162,0.9756,0.0526,0.2133,98.470,-0.2195,0.2741,0.9363,8.066,0.0,0.0,0.0,1.0&db=afhuman&afid=Q15413"
"P29144","TRIPEPTIDYL-PEPTIDASE 2","Y; Y; Y; G; G;","A  33   ; A  47   ; A  95   ; A 133   ; A 190   ;","A1049   ; A1056   ; A1052   ; A 192   ; A 113   ;","none; none; none; none; none","1.47 A","./target.php?radio=24977221749604995|irnx|1049:A or 1056:A or 1052:A or 192:A or 113:A|-0.3997,0.5754,0.7136,-47.481,0.7565,0.6466,-0.0976,87.777,-0.5176,0.5008,-0.6938,15.862,0.0,0.0,0.0,1.0&db=afhuman&afid=P29144"
"Q6N022","TENEURIN-4","Y; N; N; G; G;","A  33   ; A  35   ; A  99   ; A 133   ; A 190   ;","A 575   ; A 577   ; A 289   ; A 784   ; A 972   ;","none; none; none; none; none","1.47 A","./target.php?radio=24977221749604995|kmau|575:A or 577:A or 289:A or 784:A or 972:A|0.8042,0.5913,-0.0603,-96.392,-0.4114,0.4805,-0.7745,106.069,-0.4290,0.6477,0.6296,4.733,0.0,0.0,0.0,1.0&db=afhuman&afid=Q6N022"
"O43424","GLUTAMATE RECEPTOR IONOTROPIC, DELTA-2","Y; N; N; G; G;","A  33   ; A  35   ; A  99   ; A 133   ; A 190   ;","A 737   ; A 736   ; A 720   ; A 581   ; A 620   ;","none; none; none; none; none","1.47 A","./target.php?radio=24977221749604995|hrje|737:A or 736:A or 720:A or 581:A or 620:A|0.8258,-0.4247,-0.3710,-132.897,0.5623,0.6704,0.4841,108.312,0.0431,-0.6084,0.7924,33.230,0.0,0.0,0.0,1.0&db=afhuman&afid=O43424"
"Q8IZS8","VOLTAGE-DEPENDENT CALCIUM CHANNEL SUBUNIT ALPHA-2/D","Y; D; N; G; G;","A  50   ; A  98   ; A  99   ; A 133   ; A 190   ;","A 707   ; A 720   ; A 718   ; A 226   ; A 501   ;","none; none; none; none; none","1.47 A","./target.php?radio=24977221749604995|gjom|707:A or 720:A or 718:A or 226:A or 501:A|-0.5893,-0.7197,0.3672,-78.139,0.2968,-0.6155,-0.7301,89.033,0.7514,-0.3213,0.5763,-0.195,0.0,0.0,0.0,1.0&db=afhuman&afid=Q8IZS8"
"Q7Z408","CUB AND SUSHI DOMAIN-CONTAINING PROTEIN 2","N; Y; G; S; G;","A  35   ; A  50   ; A 133   ; A 186   ; A 190   ;","A1055   ; A1054   ; A1132   ; A1130   ; A1098   ;","none; none; none; none; none","1.47 A","./target.php?radio=24977221749604995|dcri|1055:A or 1054:A or 1132:A or 1130:A or 1098:A|0.2970,0.4883,-0.8206,-46.194,0.7758,-0.6244,-0.0907,121.480,-0.5567,-0.6097,-0.5643,8.044,0.0,0.0,0.0,1.0&db=afhuman&afid=Q7Z408"
"P48050","INWARD RECTIFIER POTASSIUM CHANNEL 4","D; N; G; S; G;","A  98   ; A  99   ; A 133   ; A 186   ; A 190   ;","A 435   ; A 436   ; A  74   ; A 128   ; A 136   ;","none; none; none; none; none","1.47 A","./target.php?radio=24977221749604995|jocf|435:A or 436:A or 74:A or 128:A or 136:A|0.7290,-0.4886,-0.4794,-83.649,-0.3490,-0.8678,0.3537,122.306,-0.5888,-0.0905,-0.8032,-16.292,0.0,0.0,0.0,1.0&db=afhuman&afid=P48050"
"Q15751","PROBABLE E3 UBIQUITIN-PROTEIN LIGASE HERC1","N; Y; Y; G; G;","A  35   ; A  47   ; A  95   ; A 133   ; A 190   ;","A 317   ; A 319   ; A 314   ; A  57   ; A 144   ;","none; none; none; none; none","1.47 A","./target.php?radio=24977221749604995|cfvm|317:A or 319:A or 314:A or 57:A or 144:A|0.0373,0.8592,0.5103,-73.552,0.9982,-0.0077,-0.0601,105.583,-0.0477,0.5116,-0.8579,-24.256,0.0,0.0,0.0,1.0&db=afhuman&afid=Q15751"
"Q9NXE4","SPHINGOMYELIN PHOSPHODIESTERASE 4","Y; Y; D; G; G;","A  33   ; A  50   ; A  98   ; A 133   ; A 190   ;","A 318   ; A 355   ; A 168   ; A 628   ; A 620   ;","none; none; none; none; none","1.47 A","./target.php?radio=24977221749604995|eope|318:A or 355:A or 168:A or 628:A or 620:A|0.2287,-0.9621,-0.1482,-90.872,0.3522,0.2237,-0.9088,113.356,0.9076,0.1556,0.3900,10.153,0.0,0.0,0.0,1.0&db=afhuman&afid=Q9NXE4"
"Q16787","LAMININ SUBUNIT ALPHA-3","Y; D; G; S; G;","A  50   ; A  98   ; A 133   ; A 186   ; A 190   ;","A 758   ; A 655   ; A1229   ; A1233   ; A1252   ;","none; none; none; none; none","1.47 A","./target.php?radio=24977221749604995|iakn|758:A or 655:A or 1229:A or 1233:A or 1252:A|-0.5319,0.5773,-0.6196,-81.407,0.7917,0.0793,-0.6057,117.976,-0.3005,-0.8127,-0.4992,-21.158,0.0,0.0,0.0,1.0&db=afhuman&afid=Q16787"
"Q92823","NEURONAL CELL ADHESION MOLECULE","Y; D; N; S; G;","A  95   ; A  98   ; A  99   ; A 186   ; A 190   ;","A 219   ; A 182   ; A 183   ; A  77   ; A 130   ;","none; none; none; none; none","1.47 A","./target.php?radio=24977221749604995|bpcz|219:A or 182:A or 183:A or 77:A or 130:A|0.2021,0.8165,0.5408,-84.258,0.4788,0.3993,-0.7818,82.854,-0.8543,0.4169,-0.3103,6.144,0.0,0.0,0.0,1.0&db=afhuman&afid=Q92823"
"Q8WXI7","MUCIN-16","Y; Y; D; N; G;","A  50   ; A  95   ; A  98   ; A  99   ; A 190   ;","A 363   ; A 387   ; A 382   ; A 384   ; A 686   ;","none; none; none; none; none","1.47 A","./target.php?radio=24977221749604995|kbue|363:A or 387:A or 382:A or 384:A or 686:A|-0.1565,0.7230,-0.6729,-100.704,0.9849,0.1649,-0.0519,97.423,0.0734,-0.6709,-0.7379,-16.561,0.0,0.0,0.0,1.0&db=afhuman&afid=Q8WXI7"
