"Matches found in filtered_7qt3(AlphaFold)","Description","Residues","Query","Database Hits","Heteroatoms Notes in Database hit","RMSD","Viewer"
"Q7Z5L7","PODOCAN","E; S; Y; E; Y;","A  99   ; B  50   ; B  55   ; C  99   ; C 106   ;","A  44   ; A 296   ; A 268   ; A 115   ; A 112   ;","none; none; none; none; none","1.28 A","./target.php?radio=27363731750055693|wlnu|44:A or 296:A or 268:A or 115:A or 112:A|0.4820,-0.5684,-0.6668,-31.818,0.5657,0.7830,-0.2587,20.518,0.6691,-0.2525,0.6989,15.164,0.0,0.0,0.0,1.0&db=afhuman&afid=Q7Z5L7"
"P21817","RYANODINE RECEPTOR 1","S; Q; Y; Y; Y;","B  50   ; B  89   ; C 106   ; D  36   ; D  55   ;","A1114   ; A1004   ; A 409   ; A 503   ; A 406   ;","none; none; none; none; none","1.28 A","./target.php?radio=27363731750055693|symc|1114:A or 1004:A or 409:A or 503:A or 406:A|-0.6979,0.0680,0.7129,-38.489,0.3156,-0.8644,0.3914,5.688,0.6429,0.4982,0.5818,14.602,0.0,0.0,0.0,1.0&db=afhuman&afid=P21817"
"Q8TE73","DYNEIN HEAVY CHAIN 5, AXONEMAL","Y; S; Q; E; Y;","B  36   ; B  50   ; B  89   ; C  99   ; C 106   ;","A 882   ; A1039   ; A 846   ; A1248   ; A1244   ;","none; none; none; none; none","1.32 A","./target.php?radio=27363731750055693|vmjr|882:A or 1039:A or 846:A or 1248:A or 1244:A|-0.9095,-0.1809,0.3742,-27.566,0.2548,0.4684,0.8460,29.906,-0.3283,0.8648,-0.3799,-9.905,0.0,0.0,0.0,1.0&db=afhuman&afid=Q8TE73"
"P49642","DNA PRIMASE SMALL SUBUNIT","E; Q; E; Y; Y;","A  99   ; B  89   ; C  99   ; C 106   ; D  55   ;","A 295   ; A 280   ; A  44   ; A  57   ; A  84   ;","none; none; none; none; none","1.33 A","./target.php?radio=27363731750055693|qsbh|295:A or 280:A or 44:A or 57:A or 84:A|-0.2700,-0.3192,0.9084,-62.067,-0.7191,0.6942,0.0302,9.005,-0.6403,-0.6451,-0.4169,2.372,0.0,0.0,0.0,1.0&db=afhuman&afid=P49642"
"P21817","RYANODINE RECEPTOR 1","S; Q; Y; Y; Y;","B  50   ; B  89   ; C 106   ; D  36   ; D  55   ;","A1314   ; A1204   ; A 609   ; A 703   ; A 606   ;","none; none; none; none; none","1.34 A","./target.php?radio=27363731750055693|ptuq|1314:A or 1204:A or 609:A or 703:A or 606:A|-0.6717,-0.3056,0.6748,-45.575,0.0390,0.8951,0.4441,-1.854,-0.7398,0.3247,-0.5894,1.858,0.0,0.0,0.0,1.0&db=afhuman&afid=P21817"
"Q96JB1","DYNEIN HEAVY CHAIN 8, AXONEMAL","Y; S; Q; E; Y;","B  36   ; B  50   ; B  89   ; C  99   ; C 106   ;","A 947   ; A1104   ; A 911   ; A1313   ; A1309   ;","none; none; none; none; none","1.35 A","./target.php?radio=27363731750055693|zqqr|947:A or 1104:A or 911:A or 1313:A or 1309:A|-0.6403,-0.7621,0.0964,-26.259,-0.5678,0.5540,0.6088,26.152,-0.5174,0.3351,-0.7874,-3.324,0.0,0.0,0.0,1.0&db=afhuman&afid=Q96JB1"
"P40818","UBIQUITIN CARBOXYL-TERMINAL HYDROLASE 8","E; Y; S; Q; E;","A  99   ; B  36   ; B  50   ; B  89   ; C  99   ;","A 829   ; A 810   ; A 758   ; A 811   ; A 179   ;","none; none; none; none; none","1.36 A","./target.php?radio=27363731750055693|oucv|829:A or 810:A or 758:A or 811:A or 179:A|-0.8675,-0.4866,0.1028,-55.258,0.4905,-0.8713,0.0143,12.362,0.0827,0.0628,0.9946,4.457,0.0,0.0,0.0,1.0&db=afhuman&afid=P40818"
"Q14CB8","RHO GTPASE-ACTIVATING PROTEIN 19","E; S; Y; Q; Q;","A  99   ; B  50   ; B  55   ; B  89   ; D  89   ;","A  52   ; A 330   ; A 322   ; A 328   ; A 224   ;","none; none; none; none; none","1.36 A","./target.php?radio=27363731750055693|gycr|52:A or 330:A or 322:A or 328:A or 224:A|0.1289,0.0617,0.9897,-63.660,0.8158,-0.5741,-0.0705,22.627,0.5638,0.8165,-0.1243,17.364,0.0,0.0,0.0,1.0&db=afhuman&afid=Q14CB8"
"P40818","UBIQUITIN CARBOXYL-TERMINAL HYDROLASE 8","E; Y; Y; Y; Q;","A  99   ; C 106   ; D  36   ; D  55   ; D  89   ;","A 896   ; A 787   ; A1102   ; A1068   ; A 870   ;","none; none; none; none; none","1.39 A","./target.php?radio=27363731750055693|oucv|896:A or 787:A or 1102:A or 1068:A or 870:A|-0.6469,-0.2966,-0.7025,-71.876,0.6913,-0.6169,-0.3761,9.222,-0.3218,-0.7290,0.6042,17.484,0.0,0.0,0.0,1.0&db=afhuman&afid=P40818"
"Q96QP1","ALPHA-PROTEIN KINASE 1","E; S; Y; Y; Q;","A  99   ; B  50   ; B  55   ; D  55   ; D  89   ;","A1137   ; A 504   ; A1152   ; A 224   ; A 202   ;","none; none; none; none; none","1.39 A","./target.php?radio=27363731750055693|nzjn|1137:A or 504:A or 1152:A or 224:A or 202:A|-0.1886,-0.4615,-0.8669,-67.940,0.2728,-0.8726,0.4052,11.889,-0.9434,-0.1601,0.2904,2.550,0.0,0.0,0.0,1.0&db=afhuman&afid=Q96QP1"
"Q8TD57","DYNEIN HEAVY CHAIN 3, AXONEMAL","Y; S; Y; Q; E;","B  36   ; B  50   ; B  55   ; B  89   ; C  99   ;","A1391   ; A1290   ; A1373   ; A1284   ; A 253   ;","none; none; none; none; none","1.40 A","./target.php?radio=27363731750055693|fdft|1391:A or 1290:A or 1373:A or 1284:A or 253:A|0.8883,0.1979,0.4144,-63.821,-0.1695,-0.6974,0.6963,47.386,0.4268,-0.6888,-0.5860,-21.393,0.0,0.0,0.0,1.0&db=afhuman&afid=Q8TD57"
"Q96LA5","FC RECEPTOR-LIKE PROTEIN 2","E; S; Q; Y; Q;","A  99   ; B  50   ; B  89   ; C 106   ; D  89   ;","A 259   ; A 227   ; A 253   ; A 335   ; A 377   ;","none; none; none; none; none","1.42 A","./target.php?radio=27363731750055693|lany|259:A or 227:A or 253:A or 335:A or 377:A|0.7612,-0.4415,-0.4751,-21.782,0.2933,0.8877,-0.3549,21.738,0.5785,0.1308,0.8052,16.441,0.0,0.0,0.0,1.0&db=afhuman&afid=Q96LA5"
"P08519","APOLIPOPROTEIN(A)","Y; S; E; Y; Y;","B  36   ; B  50   ; C  99   ; C 106   ; D  55   ;","A 773   ; A 873   ; A  49   ; A  62   ; A  58   ;","none; none; none; none; none","1.43 A","./target.php?radio=27363731750055693|bdtr|773:A or 873:A or 49:A or 62:A or 58:A|0.4884,0.4091,0.7708,-34.964,0.8629,-0.3574,-0.3572,-10.610,0.1294,0.8396,-0.5276,20.383,0.0,0.0,0.0,1.0&db=afhuman&afid=P08519"
"P08519","APOLIPOPROTEIN(A)","Y; Y; E; Y; Y;","B  36   ; B  55   ; C  99   ; C 106   ; D  55   ;","A1117   ; A1116   ; A  51   ; A  64   ; A  60   ;","none; none; none; none; none","1.43 A","./target.php?radio=27363731750055693|jkea|1117:A or 1116:A or 51:A or 64:A or 60:A|-0.2504,0.9237,0.2901,-43.271,0.5954,0.3831,-0.7062,-23.269,-0.7634,-0.0041,-0.6459,18.302,0.0,0.0,0.0,1.0&db=afhuman&afid=P08519"
"P23276","KELL BLOOD GROUP GLYCOPROTEIN","E; Y; S; Q; Q;","A  99   ; B  36   ; B  50   ; B  89   ; D  89   ;","A 419   ; A 495   ; A 522   ; A 493   ; A 390   ;","none; none; none; none; none","1.43 A","./target.php?radio=27363731750055693|vmnf|419:A or 495:A or 522:A or 493:A or 390:A|0.1128,-0.8435,0.5252,-49.725,0.7621,-0.2657,-0.5904,21.033,0.6375,0.4669,0.6128,16.711,0.0,0.0,0.0,1.0&db=afhuman&afid=P23276"
"Q7Z5L7","PODOCAN","E; Y; S; E; Y;","A  99   ; B  36   ; B  50   ; C  99   ; C 106   ;","A  44   ; A 292   ; A 297   ; A 115   ; A 112   ;","none; none; none; none; none","1.44 A","./target.php?radio=27363731750055693|wlnu|44:A or 292:A or 297:A or 115:A or 112:A|0.5686,-0.5701,-0.5930,-31.481,0.4522,0.8188,-0.3537,20.076,0.6872,-0.0670,0.7234,12.727,0.0,0.0,0.0,1.0&db=afhuman&afid=Q7Z5L7"
"Q63HN8","E3 UBIQUITIN-PROTEIN LIGASE RNF213","E; S; Q; E; Y;","A  99   ; B  50   ; B  89   ; C  99   ; D  55   ;","A1312   ; A1319   ; A1329   ; A 821   ; A 966   ;","none; none; none; none; none","1.44 A","./target.php?radio=27363731750055693|kxwf|1312:A or 1319:A or 1329:A or 821:A or 966:A|-0.3020,0.9451,-0.1249,-80.264,0.7979,0.1789,-0.5756,-17.906,-0.5216,-0.2735,-0.8081,20.522,0.0,0.0,0.0,1.0&db=afhuman&afid=Q63HN8"
"Q5R372","RAB GTPASE-ACTIVATING PROTEIN 1-LIKE","E; Y; Q; Y; Q;","A  99   ; B  55   ; B  89   ; D  55   ; D  89   ;","A 792   ; A 668   ; A 675   ; A 136   ; A 228   ;","none; none; none; none; none","1.44 A","./target.php?radio=27363731750055693|aysf|792:A or 668:A or 675:A or 136:A or 228:A|0.7774,-0.5490,-0.3070,-20.655,-0.6290,-0.6734,-0.3885,1.193,0.0066,0.4951,-0.8688,31.169,0.0,0.0,0.0,1.0&db=afhuman&afid=Q5R372"
"Q86XX4","EXTRACELLULAR MATRIX ORGANIZING PROTEIN FRAS1","Y; S; Q; E; Y;","B  36   ; B  50   ; B  89   ; C  99   ; C 106   ;","A 503   ; A 471   ; A 531   ; A 774   ; A 754   ;","none; none; none; none; none","1.47 A","./target.php?radio=27363731750055693|vbyd|503:A or 471:A or 531:A or 774:A or 754:A|-0.8108,0.0233,0.5849,-23.054,0.5598,-0.2612,0.7864,8.295,0.1710,0.9650,0.1987,18.713,0.0,0.0,0.0,1.0&db=afhuman&afid=Q86XX4"
"O94855","PROTEIN TRANSPORT PROTEIN SEC24D","E; Y; Q; E; Y;","A  99   ; B  55   ; B  89   ; C  99   ; C 106   ;","A 423   ; A 751   ; A 757   ; A1006   ; A1016   ;","none; none; none; none; none","1.48 A","./target.php?radio=27363731750055693|cfum|423:A or 751:A or 757:A or 1006:A or 1016:A|-0.5872,0.8014,-0.1141,-57.062,0.8091,0.5852,-0.0540,7.679,0.0235,-0.1241,-0.9920,10.714,0.0,0.0,0.0,1.0&db=afhuman&afid=O94855"
"Q8NFZ0","F-BOX DNA HELICASE 1","E; Y; S; E; Y;","A  99   ; B  36   ; B  50   ; C  99   ; D  36   ;","A 707   ; A 407   ; A 356   ; A 849   ; A 843   ;","none; none; none; none; none","1.48 A","./target.php?radio=27363731750055693|vphu|707:A or 407:A or 356:A or 849:A or 843:A|0.9525,-0.2551,-0.1662,-43.733,-0.2431,-0.3085,-0.9196,11.182,0.1833,0.9164,-0.3559,2.655,0.0,0.0,0.0,1.0&db=afhuman&afid=Q8NFZ0"
"P53992","PROTEIN TRANSPORT PROTEIN SEC24C","E; Y; Q; Y; Y;","A  99   ; B  55   ; B  89   ; D  36   ; D  55   ;","A 485   ; A 813   ; A 819   ; A 948   ; A1078   ;","none; none; none; none; none","1.49 A","./target.php?radio=27363731750055693|zqhi|485:A or 813:A or 819:A or 948:A or 1078:A|-0.1266,0.9611,0.2454,-51.326,0.9606,0.1806,-0.2115,5.803,-0.2476,0.2089,-0.9461,9.022,0.0,0.0,0.0,1.0&db=afhuman&afid=P53992"
"P53992","PROTEIN TRANSPORT PROTEIN SEC24C","E; Y; Q; E; Y;","A  99   ; B  55   ; B  89   ; C  99   ; C 106   ;","A 485   ; A 813   ; A 819   ; A1068   ; A1078   ;","none; none; none; none; none","1.50 A","./target.php?radio=27363731750055693|zqhi|485:A or 813:A or 819:A or 1068:A or 1078:A|0.0077,0.9975,0.0703,-53.484,0.9979,-0.0031,-0.0647,9.080,-0.0643,0.0707,-0.9954,9.870,0.0,0.0,0.0,1.0&db=afhuman&afid=P53992"
"Q96N67","DEDICATOR OF CYTOKINESIS PROTEIN 7","Y; S; Q; E; Q;","B  36   ; B  50   ; B  89   ; C  99   ; D  89   ;","A1768   ; A1603   ; A1692   ; A1175   ; A1355   ;","none; none; none; none; none","1.50 A","./target.php?radio=27363731750055693|myfp|1768:A or 1603:A or 1692:A or 1175:A or 1355:A|-0.8792,0.2954,0.3737,-74.748,0.3261,0.9451,0.0203,36.589,-0.3472,0.1397,-0.9273,33.651,0.0,0.0,0.0,1.0&db=afhuman&afid=Q96N67"
"A6NKT7","RANBP2-LIKE AND GRIP DOMAIN-CONTAINING PROTEIN 3","E; Y; Y; Q; Q;","A  99   ; B  36   ; B  55   ; B  89   ; D  89   ;","A   9   ; A  48   ; A  36   ; A  16   ; A 950   ;","none; none; none; none; none","1.50 A","./target.php?radio=27363731750055693|hojz|9:A or 48:A or 36:A or 16:A or 950:A|-0.2023,-0.5570,-0.8055,-36.790,0.5625,-0.7394,0.3700,-24.224,-0.8017,-0.3783,0.4629,52.022,0.0,0.0,0.0,1.0&db=afhuman&afid=A6NKT7"
"P09848","LACTASE-PHLORIZIN HYDROLASE","S; Y; Q; E; Y;","B  50   ; B  55   ; B  89   ; C  99   ; D  55   ;","A1753   ; A1683   ; A1391   ; A 398   ; A 477   ;","none; none; none; none; none","1.50 A","./target.php?radio=27363731750055693|wqat|1753:A or 1683:A or 1391:A or 398:A or 477:A|-0.5340,-0.8455,0.0081,-58.072,-0.5391,0.3331,-0.7736,9.405,0.6513,-0.4174,-0.6337,33.583,0.0,0.0,0.0,1.0&db=afhuman&afid=P09848"
"O94855","PROTEIN TRANSPORT PROTEIN SEC24D","E; Y; Q; Y; Y;","A  99   ; B  55   ; B  89   ; D  36   ; D  55   ;","A 423   ; A 751   ; A 757   ; A 886   ; A1016   ;","none; none; none; none; none","1.50 A","./target.php?radio=27363731750055693|cfum|423:A or 751:A or 757:A or 886:A or 1016:A|-0.6942,0.7168,0.0660,-54.712,0.6863,0.6867,-0.2397,3.923,-0.2171,-0.1211,-0.9686,9.660,0.0,0.0,0.0,1.0&db=afhuman&afid=O94855"
"O94915","PROTEIN FURRY HOMOLOG-LIKE","S; Q; E; Y; Q;","B  50   ; B  89   ; C  99   ; D  55   ; D  89   ;","A 395   ; A 399   ; A1071   ; A1151   ; A1159   ;","none; none; none; none; none","1.51 A","./target.php?radio=27363731750055693|mljw|395:A or 399:A or 1071:A or 1151:A or 1159:A|-0.3514,-0.8524,0.3872,-46.595,-0.8620,0.1332,-0.4892,16.691,0.3654,-0.5057,-0.7815,33.927,0.0,0.0,0.0,1.0&db=afhuman&afid=O94915"
"Q9NVI1","FANCONI ANEMIA GROUP I PROTEIN","S; Q; E; Y; Q;","B  50   ; B  89   ; C  99   ; D  55   ; D  89   ;","A 999   ; A 351   ; A 751   ; A 778   ; A 848   ;","none; none; none; none; none","1.51 A","./target.php?radio=27363731750055693|udfs|999:A or 351:A or 751:A or 778:A or 848:A|-0.1432,-0.3322,0.9323,-48.303,-0.8552,-0.4326,-0.2855,21.241,0.4982,-0.8382,-0.2221,-0.196,0.0,0.0,0.0,1.0&db=afhuman&afid=Q9NVI1"
"Q86XX4","EXTRACELLULAR MATRIX ORGANIZING PROTEIN FRAS1","Y; S; Q; E; Y;","B  36   ; B  50   ; B  89   ; C  99   ; C 106   ;","A 503   ; A 488   ; A 531   ; A 774   ; A 754   ;","none; none; none; none; none","1.51 A","./target.php?radio=27363731750055693|vbyd|503:A or 488:A or 531:A or 774:A or 754:A|-0.7739,0.0644,0.6300,-22.352,0.5307,-0.4768,0.7007,6.142,0.3455,0.8767,0.3348,16.685,0.0,0.0,0.0,1.0&db=afhuman&afid=Q86XX4"
"Q9P2S2","NEUREXIN-2","S; Y; Q; E; Q;","B  50   ; B  55   ; B  89   ; C  99   ; D  89   ;","A 939   ; A 766   ; A 935   ; A 501   ; A 890   ;","none; none; none; none; none","1.52 A","./target.php?radio=27363731750055693|dzbc|939:A or 766:A or 935:A or 501:A or 890:A|-0.2950,-0.3433,0.8917,-65.797,0.5868,-0.8016,-0.1145,14.110,0.7541,0.4895,0.4379,17.656,0.0,0.0,0.0,1.0&db=afhuman&afid=Q9P2S2"
"Q68DQ2","VERY LARGE A-KINASE ANCHOR PROTEIN","E; Y; S; Q; Y;","A  99   ; B  36   ; B  50   ; B  89   ; D  36   ;","A1032   ; A 929   ; A 486   ; A 938   ; A1109   ;","none; none; none; none; none","1.52 A","./target.php?radio=27363731750055693|yqpm|1032:A or 929:A or 486:A or 938:A or 1109:A|-0.0634,0.6523,0.7553,-54.961,-0.0894,-0.7575,0.6467,23.534,0.9940,-0.0265,0.1063,3.689,0.0,0.0,0.0,1.0&db=afhuman&afid=Q68DQ2"
"P32189","GLYCEROL KINASE","E; S; Y; E; Q;","A  99   ; B  50   ; B  55   ; C  99   ; D  89   ;","A 412   ; A 516   ; A 377   ; A 483   ; A 277   ;","none; none; none; none; none","1.52 A","./target.php?radio=27363731750055693|ktnt|412:A or 516:A or 377:A or 483:A or 277:A|-0.5915,-0.6374,-0.4939,-52.285,-0.7903,0.3366,0.5121,6.896,-0.1601,0.6932,-0.7028,30.624,0.0,0.0,0.0,1.0&db=afhuman&afid=P32189"
"Q9P2S2","NEUREXIN-2","S; Y; Q; E; Q;","B  50   ; B  55   ; B  89   ; C  99   ; D  89   ;","A 939   ; A 766   ; A 935   ; A 633   ; A 895   ;","none; none; none; none; none","1.52 A","./target.php?radio=27363731750055693|dzbc|939:A or 766:A or 935:A or 633:A or 895:A|-0.1464,-0.3002,0.9426,-65.432,0.4595,-0.8644,-0.2039,14.555,0.8760,0.4033,0.2645,22.228,0.0,0.0,0.0,1.0&db=afhuman&afid=Q9P2S2"
"Q96MT7","CILIA- AND FLAGELLA-ASSOCIATED PROTEIN 44","E; Y; E; Y; Q;","A  99   ; B  55   ; C  99   ; D  36   ; D  89   ;","A 926   ; A 613   ; A 909   ; A 546   ; A 566   ;","none; none; none; none; none","1.53 A","./target.php?radio=27363731750055693|wdgx|926:A or 613:A or 909:A or 546:A or 566:A|-0.9373,0.0555,-0.3441,-70.427,-0.0632,-0.9979,0.0113,2.568,-0.3427,0.0323,0.9389,-15.853,0.0,0.0,0.0,1.0&db=afhuman&afid=Q96MT7"
"Q9Y4A5","TRANSFORMATION/TRANSCRIPTION DOMAIN-ASSOCIATED PROT","Y; Y; Q; E; Y;","B  36   ; B  55   ; B  89   ; C  99   ; D  55   ;","A1344   ; A1335   ; A1348   ; A 299   ; A 310   ;","none; none; none; none; none","1.53 A","./target.php?radio=27363731750055693|zdig|1344:A or 1335:A or 1348:A or 299:A or 310:A|-0.9796,-0.0483,-0.1950,-82.375,0.0743,-0.9890,-0.1283,3.643,-0.1867,-0.1401,0.9724,10.808,0.0,0.0,0.0,1.0&db=afhuman&afid=Q9Y4A5"
"Q7L1V2","VACUOLAR FUSION PROTEIN MON1 HOMOLOG B","E; Y; S; Q; Y;","A  99   ; B  36   ; B  50   ; B  89   ; D  36   ;","A 237   ; A 126   ; A 177   ; A 108   ; A 527   ;","none; none; none; none; none","1.53 A","./target.php?radio=27363731750055693|lnpc|237:A or 126:A or 177:A or 108:A or 527:A|-0.1022,0.9191,0.3806,-51.829,0.8744,0.2654,-0.4063,14.350,-0.4744,0.2913,-0.8307,10.923,0.0,0.0,0.0,1.0&db=afhuman&afid=Q7L1V2"
"Q13507","SHORT TRANSIENT RECEPTOR POTENTIAL CHANNEL 3","E; S; E; Y; Q;","A  99   ; B  50   ; C  99   ; D  36   ; D  89   ;","A 240   ; A 201   ; A 440   ; A 543   ; A 455   ;","none; none; none; none; none","1.53 A","./target.php?radio=27363731750055693|rnjn|240:A or 201:A or 440:A or 543:A or 455:A|-0.5622,-0.4897,0.6665,-53.766,0.7876,-0.0713,0.6120,9.303,-0.2521,0.8690,0.4258,8.306,0.0,0.0,0.0,1.0&db=afhuman&afid=Q13507"
"Q14409","GLYCEROL KINASE 3","E; S; Y; E; Q;","A  99   ; B  50   ; B  55   ; C  99   ; D  89   ;","A 406   ; A 510   ; A 371   ; A 477   ; A 271   ;","none; none; none; none; none","1.53 A","./target.php?radio=27363731750055693|gihh|406:A or 510:A or 371:A or 477:A or 271:A|-0.6443,-0.5313,-0.5501,-52.309,-0.7543,0.3231,0.5715,6.642,-0.1259,0.7832,-0.6089,30.475,0.0,0.0,0.0,1.0&db=afhuman&afid=Q14409"
"Q7RTS9","DYMECLIN","E; S; Y; E; Q;","A  99   ; B  50   ; B  55   ; C  99   ; D  89   ;","A 145   ; A 136   ; A 132   ; A 637   ; A 186   ;","none; none; none; none; none","1.54 A","./target.php?radio=27363731750055693|szlp|145:A or 136:A or 132:A or 637:A or 186:A|0.5326,0.4790,-0.6977,-75.816,0.7077,0.2000,0.6776,5.510,0.4641,-0.8547,-0.2325,-4.651,0.0,0.0,0.0,1.0&db=afhuman&afid=Q7RTS9"
"Q96EK7","CONSTITUTIVE COACTIVATOR OF PEROXISOME PROLIFERATOR","E; Y; Y; E; Q;","A  99   ; B  36   ; B  55   ; C  99   ; D  89   ;","A 460   ; A 476   ; A 452   ; A  66   ; A 125   ;","none; none; none; none; none","1.54 A","./target.php?radio=27363731750055693|qobn|460:A or 476:A or 452:A or 66:A or 125:A|0.8532,-0.1935,0.4844,-71.702,0.3291,-0.5208,-0.7877,18.874,0.4047,0.8314,-0.3807,4.814,0.0,0.0,0.0,1.0&db=afhuman&afid=Q96EK7"
"Q5GH70","XK-RELATED PROTEIN 9","E; Y; Y; Y; Q;","A  99   ; B  55   ; D  36   ; D  55   ; D  89   ;","A 116   ; A 106   ; A 205   ; A 340   ; A 183   ;","none; none; none; none; none","1.55 A","./target.php?radio=27363731750055693|mibl|116:A or 106:A or 205:A or 340:A or 183:A|0.2024,0.9445,-0.2589,-68.696,0.9707,-0.1586,0.1803,1.312,0.1292,-0.2878,-0.9489,-0.512,0.0,0.0,0.0,1.0&db=afhuman&afid=Q5GH70"
"Q99683","MITOGEN-ACTIVATED PROTEIN KINASE KINASE KINASE 5","Y; S; Q; Y; Y;","B  36   ; B  50   ; B  89   ; C 106   ; D  36   ;","A 636   ; A 613   ; A 634   ; A 147   ; A 271   ;","none; none; none; none; none","1.55 A","./target.php?radio=27363731750055693|gryf|636:A or 613:A or 634:A or 147:A or 271:A|0.5764,0.1595,0.8014,-40.318,0.8162,-0.1598,-0.5553,18.133,0.0395,0.9742,-0.2223,7.978,0.0,0.0,0.0,1.0&db=afhuman&afid=Q99683"
"Q92621","NUCLEAR PORE COMPLEX PROTEIN NUP205","E; S; Y; E; Q;","A  99   ; B  50   ; B  55   ; C  99   ; D  89   ;","A1750   ; A1832   ; A1829   ; A1691   ; A1770   ;","none; none; none; none; none","1.56 A","./target.php?radio=27363731750055693|ywxq|1750:A or 1832:A or 1829:A or 1691:A or 1770:A|-0.0068,0.9162,0.4007,-57.137,0.9629,0.1141,-0.2445,78.852,-0.2697,0.3841,-0.8830,54.302,0.0,0.0,0.0,1.0&db=afhuman&afid=Q92621"
"P12830","CADHERIN-1","Y; Q; Y; Y; Q;","B  55   ; B  89   ; D  36   ; D  55   ; D  89   ;","A 450   ; A 448   ; A 859   ; A 861   ; A 857   ;","none; none; none; none; none","1.56 A","./target.php?radio=27363731750055693|fkyw|450:A or 448:A or 859:A or 861:A or 857:A|0.5180,-0.8532,0.0614,-39.925,-0.8261,-0.4803,0.2946,-9.851,-0.2219,-0.2033,-0.9536,17.780,0.0,0.0,0.0,1.0&db=afhuman&afid=P12830"
"Q96Q15","SERINE/THREONINE-PROTEIN KINASE SMG1","S; E; Y; Y; Q;","B  50   ; C  99   ; D  36   ; D  55   ; D  89   ;","A 624   ; A  78   ; A 125   ; A 185   ; A 113   ;","none; none; none; none; none","1.57 A","./target.php?radio=27363731750055693|cgvs|624:A or 78:A or 125:A or 185:A or 113:A|0.6858,0.5799,0.4398,-57.480,0.5356,-0.8113,0.2346,20.137,0.4928,0.0746,-0.8669,28.130,0.0,0.0,0.0,1.0&db=afhuman&afid=Q96Q15"
"Q6V1P9","PROTOCADHERIN-23","E; S; Q; E; Y;","A  99   ; B  50   ; B  89   ; C  99   ; D  36   ;","A1032   ; A1028   ; A1054   ; A1203   ; A1201   ;","none; none; none; none; none","1.57 A","./target.php?radio=27363731750055693|pizs|1032:A or 1028:A or 1054:A or 1203:A or 1201:A|0.8798,0.4463,-0.1640,-120.582,-0.1549,0.5952,0.7885,63.161,0.4495,-0.6683,0.5928,12.030,0.0,0.0,0.0,1.0&db=afhuman&afid=Q6V1P9"
"Q96Q15","SERINE/THREONINE-PROTEIN KINASE SMG1","S; E; Y; Y; Q;","B  50   ; C  99   ; D  36   ; D  55   ; D  89   ;","A1024   ; A 478   ; A 525   ; A 585   ; A 513   ;","none; none; none; none; none","1.57 A","./target.php?radio=27363731750055693|temn|1024:A or 478:A or 525:A or 585:A or 513:A|-0.7364,0.1346,0.6630,-65.747,0.4908,0.7808,0.3866,26.705,-0.4657,0.6101,-0.6410,12.732,0.0,0.0,0.0,1.0&db=afhuman&afid=Q96Q15"
"Q7L014","PROBABLE ATP-DEPENDENT RNA HELICASE DDX46","E; Y; Y; Y; Q;","A  99   ; B  36   ; B  55   ; D  55   ; D  89   ;","A 594   ; A 720   ; A 718   ; A 336   ; A 401   ;","none; none; none; none; none","1.57 A","./target.php?radio=27363731750055693|bfuu|594:A or 720:A or 718:A or 336:A or 401:A|-0.7125,-0.4862,0.5060,-48.860,-0.4719,0.8656,0.1673,-11.417,-0.5193,-0.1196,-0.8462,4.048,0.0,0.0,0.0,1.0&db=afhuman&afid=Q7L014"
"Q9UFH2","DYNEIN HEAVY CHAIN 17, AXONEMAL","E; S; E; Y; Y;","A  99   ; B  50   ; C  99   ; C 106   ; D  55   ;","A1285   ; A1332   ; A 335   ; A 462   ; A 465   ;","none; none; none; none; none","1.57 A","./target.php?radio=27363731750055693|qiqf|1285:A or 1332:A or 335:A or 462:A or 465:A|-0.0738,-0.9886,0.1312,-49.985,-0.8853,0.1255,0.4478,-20.640,-0.4592,-0.0832,-0.8844,13.429,0.0,0.0,0.0,1.0&db=afhuman&afid=Q9UFH2"
"Q8TEQ6","GEM-ASSOCIATED PROTEIN 5","S; Q; E; Y; Y;","B  50   ; B  89   ; C  99   ; C 106   ; D  55   ;","A 301   ; A 298   ; A1462   ; A1282   ; A1286   ;","none; none; none; none; none","1.58 A","./target.php?radio=27363731750055693|chmn|301:A or 298:A or 1462:A or 1282:A or 1286:A|-0.1708,0.2731,-0.9467,-30.965,-0.5502,0.7707,0.3216,7.667,0.8174,0.5757,0.0187,48.978,0.0,0.0,0.0,1.0&db=afhuman&afid=Q8TEQ6"
"Q96RY7","INTRAFLAGELLAR TRANSPORT PROTEIN 140 HOMOLOG","Y; S; Q; E; Y;","B  36   ; B  50   ; B  89   ; C  99   ; D  36   ;","A 729   ; A 656   ; A 416   ; A 842   ; A 866   ;","none; none; none; none; none","1.58 A","./target.php?radio=27363731750055693|apxf|729:A or 656:A or 416:A or 842:A or 866:A|0.8902,-0.0499,-0.4528,-43.661,0.4010,0.5572,0.7271,-4.178,0.2160,-0.8289,0.5161,9.062,0.0,0.0,0.0,1.0&db=afhuman&afid=Q96RY7"
"Q7Z494","NEPHROCYSTIN-3","E; Y; E; Y; Q;","A  99   ; B  55   ; C  99   ; D  55   ; D  89   ;","A 456   ; A1068   ; A 503   ; A 510   ; A 545   ;","none; none; none; none; none","1.58 A","./target.php?radio=27363731750055693|busg|456:A or 1068:A or 503:A or 510:A or 545:A|-0.3108,-0.3000,0.9019,-48.386,0.9280,0.1092,0.3562,8.486,-0.2053,0.9477,0.2445,-0.557,0.0,0.0,0.0,1.0&db=afhuman&afid=Q7Z494"
"Q8NB14","UBIQUITIN CARBOXYL-TERMINAL HYDROLASE 38","Y; S; Y; Q; E;","B  36   ; B  50   ; B  55   ; B  89   ; C  99   ;","A 455   ; A 855   ; A 858   ; A 523   ; A 879   ;","none; none; none; none; none","1.58 A","./target.php?radio=27363731750055693|xrqs|455:A or 855:A or 858:A or 523:A or 879:A|0.5142,-0.4839,0.7081,-43.426,-0.6861,-0.7275,0.0011,-16.557,0.5146,-0.4864,-0.7061,39.824,0.0,0.0,0.0,1.0&db=afhuman&afid=Q8NB14"
"P40818","UBIQUITIN CARBOXYL-TERMINAL HYDROLASE 8","E; Y; S; Q; E;","A  99   ; B  36   ; B  50   ; B  89   ; C  99   ;","A 829   ; A 810   ; A 758   ; A 811   ; A 298   ;","none; none; none; none; none","1.59 A","./target.php?radio=27363731750055693|oucv|829:A or 810:A or 758:A or 811:A or 298:A|-0.8532,-0.5216,-0.0097,-53.859,0.5213,-0.8518,-0.0518,13.972,0.0187,-0.0493,0.9986,1.835,0.0,0.0,0.0,1.0&db=afhuman&afid=P40818"
"Q14517","PROTOCADHERIN FAT 1","E; E; Y; Y; Y;","A  99   ; C  99   ; C 106   ; D  36   ; D  55   ;","A 139   ; A 231   ; A 232   ; A 267   ; A 235   ;","none; none; none; none; none","1.59 A","./target.php?radio=27363731750055693|qxan|139:A or 231:A or 232:A or 267:A or 235:A|-0.7128,-0.6987,-0.0616,-84.340,-0.3857,0.3171,0.8664,-16.934,-0.5858,0.6413,-0.4955,0.645,0.0,0.0,0.0,1.0&db=afhuman&afid=Q14517"
"Q96Q15","SERINE/THREONINE-PROTEIN KINASE SMG1","S; E; Y; Y; Q;","B  50   ; C  99   ; D  36   ; D  55   ; D  89   ;","A1224   ; A 678   ; A 725   ; A 785   ; A 713   ;","none; none; none; none; none","1.59 A","./target.php?radio=27363731750055693|rkpi|1224:A or 678:A or 725:A or 785:A or 713:A|-0.1167,0.8476,0.5176,-68.334,0.8346,0.3662,-0.4116,33.234,-0.5384,0.3839,-0.7502,9.852,0.0,0.0,0.0,1.0&db=afhuman&afid=Q96Q15"
"P50461","CYSTEINE AND GLYCINE-RICH PROTEIN 3","Y; S; Y; E; Y;","B  36   ; B  50   ; B  55   ; C  99   ; D  55   ;","A  66   ; A  54   ; A  57   ; A 165   ; A 167   ;","none; none; none; none; none","1.59 A","./target.php?radio=27363731750055693|ebfr|66:A or 54:A or 57:A or 165:A or 167:A|-0.8615,0.3393,0.3778,-53.331,-0.4003,-0.9115,-0.0944,5.764,0.3124,-0.2326,0.9210,19.621,0.0,0.0,0.0,1.0&db=afhuman&afid=P50461"
"P01266","THYROGLOBULIN","S; Y; Y; Y; Y;","B  50   ; B  55   ; C 106   ; D  36   ; D  55   ;","A1328   ; A1321   ; A 565   ; A 658   ; A 663   ;","none; none; none; none; none","1.59 A","./target.php?radio=27363731750055693|dqgl|1328:A or 1321:A or 565:A or 658:A or 663:A|-0.8041,0.1425,0.5771,-66.425,0.0499,0.9836,-0.1733,-7.380,-0.5923,-0.1105,-0.7981,31.625,0.0,0.0,0.0,1.0&db=afhuman&afid=P01266"
"O00507","PROBABLE UBIQUITIN CARBOXYL-TERMINAL HYDROLASE FAF-","E; Y; Y; Y; Y;","A  99   ; B  55   ; C 106   ; D  36   ; D  55   ;","A1774   ; A1733   ; A1569   ; A1951   ; A1882   ;","none; none; none; none; none","1.59 A","./target.php?radio=27363731750055693|hvgy|1774:A or 1733:A or 1569:A or 1951:A or 1882:A|-0.2946,-0.1878,-0.9370,-86.624,0.5226,-0.8526,0.0066,-22.603,-0.8001,-0.4877,0.3493,12.741,0.0,0.0,0.0,1.0&db=afhuman&afid=O00507"
"Q9UKN7","UNCONVENTIONAL MYOSIN-XV","Y; E; Y; Y; Q;","B  55   ; C  99   ; D  36   ; D  55   ; D  89   ;","A 146   ; A1025   ; A1079   ; A1054   ; A1078   ;","none; none; none; none; none","1.60 A","./target.php?radio=27363731750055693|mpfq|146:A or 1025:A or 1079:A or 1054:A or 1078:A|0.1622,-0.9577,0.2376,-68.993,0.0269,0.2450,0.9691,-21.802,-0.9864,-0.1508,0.0655,-9.598,0.0,0.0,0.0,1.0&db=afhuman&afid=Q9UKN7"
"Q96Q15","SERINE/THREONINE-PROTEIN KINASE SMG1","S; E; Y; Y; Q;","B  50   ; C  99   ; D  36   ; D  55   ; D  89   ;","A 824   ; A 278   ; A 325   ; A 385   ; A 313   ;","none; none; none; none; none","1.60 A","./target.php?radio=27363731750055693|udzd|824:A or 278:A or 325:A or 385:A or 313:A|-0.8983,0.3107,0.3106,-64.950,0.3918,0.8864,0.2464,21.849,-0.1988,0.3431,-0.9180,19.696,0.0,0.0,0.0,1.0&db=afhuman&afid=Q96Q15"
"Q9ULK4","MEDIATOR OF RNA POLYMERASE II TRANSCRIPTION SUBUNIT","E; Y; E; Y; Y;","A  99   ; B  55   ; C  99   ; C 106   ; D  36   ;","A 812   ; A 808   ; A 976   ; A1012   ; A 883   ;","none; none; none; none; none","1.60 A","./target.php?radio=27363731750055693|iulc|812:A or 808:A or 976:A or 1012:A or 883:A|-0.9483,-0.0647,0.3106,-83.369,-0.2411,0.7832,-0.5731,13.901,-0.2062,-0.6184,-0.7584,35.145,0.0,0.0,0.0,1.0&db=afhuman&afid=Q9ULK4"
"Q9NV70","EXOCYST COMPLEX COMPONENT 1","Y; Y; Q; Y; Q;","B  36   ; B  55   ; B  89   ; C 106   ; D  89   ;","A 769   ; A 766   ; A 773   ; A 611   ; A 654   ;","none; none; none; none; none","1.60 A","./target.php?radio=27363731750055693|fgxc|769:A or 766:A or 773:A or 611:A or 654:A|0.5984,-0.5543,-0.5786,-90.073,0.7169,0.6928,0.0778,-17.570,0.3577,-0.4613,0.8119,20.634,0.0,0.0,0.0,1.0&db=afhuman&afid=Q9NV70"
"Q9NYP9","PROTEIN MIS18-ALPHA","E; E; Y; Y; Q;","A  99   ; C  99   ; D  36   ; D  55   ; D  89   ;","A  70   ; A 131   ; A 161   ; A 152   ; A 102   ;","none; none; none; none; none","1.61 A","./target.php?radio=27363731750055693|rieg|70:A or 131:A or 161:A or 152:A or 102:A|-0.9887,-0.0547,0.1394,-66.365,0.1381,-0.6927,0.7079,8.622,0.0578,0.7192,0.6924,25.805,0.0,0.0,0.0,1.0&db=afhuman&afid=Q9NYP9"
"Q01433","AMP DEAMINASE 2","E; Y; Y; Q; Q;","A  99   ; B  36   ; B  55   ; B  89   ; D  89   ;","A 823   ; A 269   ; A 844   ; A 272   ; A 535   ;","none; none; none; none; none","1.61 A","./target.php?radio=27363731750055693|qepd|823:A or 269:A or 844:A or 272:A or 535:A|0.9320,-0.2349,-0.2761,-56.430,-0.1539,-0.9460,0.2854,10.531,-0.3282,-0.2235,-0.9178,-1.426,0.0,0.0,0.0,1.0&db=afhuman&afid=Q01433"
"Q93008","PROBABLE UBIQUITIN CARBOXYL-TERMINAL HYDROLASE FAF-","E; Y; Y; Y; Y;","A  99   ; B  55   ; C 106   ; D  36   ; D  55   ;","A1772   ; A1731   ; A1567   ; A1949   ; A1880   ;","none; none; none; none; none","1.61 A","./target.php?radio=27363731750055693|zcnh|1772:A or 1731:A or 1567:A or 1949:A or 1880:A|-0.2337,-0.8079,-0.5410,-85.640,0.9723,-0.1894,-0.1373,-23.592,0.0084,-0.5581,0.8298,14.268,0.0,0.0,0.0,1.0&db=afhuman&afid=Q93008"
"P08F94","FIBROCYSTIN","E; Y; S; Y; Q;","A  99   ; B  36   ; B  50   ; D  36   ; D  89   ;","A1302   ; A  77   ; A1360   ; A  60   ; A 104   ;","none; none; none; none; none","1.61 A","./target.php?radio=27363731750055693|gtdr|1302:A or 77:A or 1360:A or 60:A or 104:A|-0.7586,-0.1479,-0.6346,-62.925,-0.5832,-0.2803,0.7625,53.018,-0.2906,0.9484,0.1264,8.173,0.0,0.0,0.0,1.0&db=afhuman&afid=P08F94"
"Q7Z478","ATP-DEPENDENT RNA HELICASE DHX29","E; S; Y; Q; E;","A  99   ; B  50   ; B  55   ; B  89   ; C  99   ;","A 308   ; A 320   ; A 264   ; A 301   ; A 934   ;","none; none; none; none; none","1.61 A","./target.php?radio=27363731750055693|uzvu|308:A or 320:A or 264:A or 301:A or 934:A|0.8717,0.4835,0.0795,-69.075,0.4495,-0.7244,-0.5226,7.207,-0.1951,0.4913,-0.8488,29.101,0.0,0.0,0.0,1.0&db=afhuman&afid=Q7Z478"
"P16452","PROTEIN 4.2","E; Y; S; Q; Y;","A  99   ; B  36   ; B  50   ; B  89   ; D  36   ;","A 429   ; A 158   ; A 425   ; A 154   ; A 307   ;","none; none; none; none; none","1.61 A","./target.php?radio=27363731750055693|jsva|429:A or 158:A or 425:A or 154:A or 307:A|0.3083,0.0440,-0.9503,-38.434,-0.2909,-0.9467,-0.1382,7.518,-0.9057,0.3190,-0.2791,12.505,0.0,0.0,0.0,1.0&db=afhuman&afid=P16452"
"Q08426","PEROXISOMAL BIFUNCTIONAL ENZYME","E; Y; S; E; Q;","A  99   ; B  36   ; B  50   ; C  99   ; D  89   ;","A 417   ; A 450   ; A 421   ; A 498   ; A 491   ;","none; none; none; none; none","1.61 A","./target.php?radio=27363731750055693|kxha|417:A or 450:A or 421:A or 498:A or 491:A|0.1268,-0.6030,0.7876,-46.015,0.7921,-0.4164,-0.4463,-12.964,0.5971,0.6804,0.4249,13.821,0.0,0.0,0.0,1.0&db=afhuman&afid=Q08426"
"Q7Z5L7","PODOCAN","E; Y; Y; E; Y;","A  99   ; B  36   ; B  55   ; C  99   ; C 106   ;","A  44   ; A 292   ; A 268   ; A 115   ; A 112   ;","none; none; none; none; none","1.62 A","./target.php?radio=27363731750055693|wlnu|44:A or 292:A or 268:A or 115:A or 112:A|0.5337,-0.5700,-0.6247,-31.423,0.4687,0.8142,-0.3426,20.274,0.7039,-0.1100,0.7017,14.525,0.0,0.0,0.0,1.0&db=afhuman&afid=Q7Z5L7"
"P01024","COMPLEMENT C3","Y; S; Y; Q; Y;","B  36   ; B  50   ; B  55   ; B  89   ; D  36   ;","A 635   ; A 452   ; A 446   ; A 652   ; A 385   ;","none; none; none; none; none","1.62 A","./target.php?radio=27363731750055693|ijgr|635:A or 452:A or 446:A or 652:A or 385:A|-0.2292,-0.9724,0.0427,-57.972,0.1633,0.0048,0.9866,-18.113,-0.9596,0.2331,0.1577,-32.139,0.0,0.0,0.0,1.0&db=afhuman&afid=P01024"
"Q8N4N3","KELCH-LIKE PROTEIN 36","Y; S; Y; Y; Y;","B  36   ; B  50   ; B  55   ; C 106   ; D  36   ;","A 148   ; A 189   ; A 196   ; A 496   ; A 549   ;","none; none; none; none; none","1.62 A","./target.php?radio=27363731750055693|xvlf|148:A or 189:A or 196:A or 496:A or 549:A|-0.9939,-0.1073,-0.0245,-62.740,-0.0498,0.2398,0.9696,4.261,-0.0982,0.9649,-0.2437,14.780,0.0,0.0,0.0,1.0&db=afhuman&afid=Q8N4N3"
"Q15303","RECEPTOR TYROSINE-PROTEIN KINASE ERBB-4","E; Y; S; E; Y;","A  99   ; B  36   ; B  50   ; C  99   ; C 106   ;","A 836   ; A1221   ; A 350   ; A  64   ; A  86   ;","none; none; none; none; none","1.62 A","./target.php?radio=27363731750055693|zmyw|836:A or 1221:A or 350:A or 64:A or 86:A|-0.7388,-0.0794,0.6692,-58.466,0.3338,-0.9058,0.2610,9.686,0.5854,0.4162,0.6958,28.876,0.0,0.0,0.0,1.0&db=afhuman&afid=Q15303"
"Q5T4S7","E3 UBIQUITIN-PROTEIN LIGASE UBR4","Y; E; Y; Y; Q;","B  36   ; C  99   ; C 106   ; D  55   ; D  89   ;","A1047   ; A 742   ; A 740   ; A 914   ; A 961   ;","none; none; none; none; none","1.62 A","./target.php?radio=27363731750055693|dtqb|1047:A or 742:A or 740:A or 914:A or 961:A|0.2356,0.1429,-0.9613,-84.414,0.6346,0.7265,0.2635,-0.090,0.7360,-0.6721,0.0805,5.476,0.0,0.0,0.0,1.0&db=afhuman&afid=Q5T4S7"
"Q07954","PROLOW-DENSITY LIPOPROTEIN RECEPTOR-RELATED PROTEIN","E; S; Q; Y; Q;","A  99   ; B  50   ; B  89   ; D  36   ; D  89   ;","A 153   ; A 137   ; A 140   ; A 237   ; A 467   ;","none; none; none; none; none","1.63 A","./target.php?radio=27363731750055693|lyio|153:A or 137:A or 140:A or 237:A or 467:A|0.3988,-0.8325,0.3846,-38.635,0.0637,0.4435,0.8940,-23.727,-0.9148,-0.3320,0.2299,-13.883,0.0,0.0,0.0,1.0&db=afhuman&afid=Q07954"
"Q7Z3J2","VPS35 ENDOSOMAL PROTEIN-SORTING FACTOR-LIKE","Y; S; Y; Q; Q;","B  36   ; B  50   ; B  55   ; B  89   ; D  89   ;","A 387   ; A 332   ; A 391   ; A 376   ; A 484   ;","none; none; none; none; none","1.63 A","./target.php?radio=27363731750055693|aurm|387:A or 332:A or 391:A or 376:A or 484:A|0.1209,-0.9682,0.2189,-43.246,-0.8744,0.0006,0.4853,-26.962,-0.4700,-0.2501,-0.8465,15.169,0.0,0.0,0.0,1.0&db=afhuman&afid=Q7Z3J2"
"A8K2U0","ALPHA-2-MACROGLOBULIN-LIKE PROTEIN 1","Y; S; E; Y; Q;","B  36   ; B  50   ; C  99   ; D  36   ; D  89   ;","A1449   ; A1373   ; A1107   ; A1199   ; A1239   ;","none; none; none; none; none","1.63 A","./target.php?radio=27363731750055693|jfsu|1449:A or 1373:A or 1107:A or 1199:A or 1239:A|-0.7693,0.3675,-0.5226,-60.743,0.6361,0.3644,-0.6801,34.084,-0.0595,-0.8556,-0.5141,23.116,0.0,0.0,0.0,1.0&db=afhuman&afid=A8K2U0"
"Q96A46","MITOFERRIN-2","E; Y; E; Y; Y;","A  99   ; B  36   ; C  99   ; D  36   ; D  55   ;","A 347   ; A 259   ; A 125   ; A 111   ; A 201   ;","none; none; none; none; none","1.64 A","./target.php?radio=27363731750055693|pjmc|347:A or 259:A or 125:A or 111:A or 201:A|0.7827,-0.4535,-0.4263,-55.135,0.0087,0.6928,-0.7211,2.032,0.6223,0.5607,0.5462,21.652,0.0,0.0,0.0,1.0&db=afhuman&afid=Q96A46"
"Q9ULK4","MEDIATOR OF RNA POLYMERASE II TRANSCRIPTION SUBUNIT","E; Q; E; Y; Y;","A  99   ; B  89   ; C  99   ; C 106   ; D  55   ;","A1269   ; A1313   ; A1111   ; A1048   ; A1067   ;","none; none; none; none; none","1.64 A","./target.php?radio=27363731750055693|iulc|1269:A or 1313:A or 1111:A or 1048:A or 1067:A|0.7312,0.6689,-0.1340,-67.266,-0.6805,0.7288,-0.0753,20.153,0.0473,0.1463,0.9881,6.455,0.0,0.0,0.0,1.0&db=afhuman&afid=Q9ULK4"
"Q8IZQ1","WD REPEAT AND FYVE DOMAIN-CONTAINING PROTEIN 3","S; Q; Y; Y; Q;","B  50   ; B  89   ; D  36   ; D  55   ; D  89   ;","A 364   ; A1164   ; A 329   ; A 326   ; A 333   ;","none; none; none; none; none","1.64 A","./target.php?radio=27363731750055693|ersd|364:A or 1164:A or 329:A or 326:A or 333:A|0.2990,0.1921,-0.9347,-32.219,0.4036,0.8622,0.3063,-4.773,0.8647,-0.4688,0.1803,9.179,0.0,0.0,0.0,1.0&db=afhuman&afid=Q8IZQ1"
"Q5T4S7","E3 UBIQUITIN-PROTEIN LIGASE UBR4","Y; E; Y; Y; Q;","B  55   ; C  99   ; C 106   ; D  55   ; D  89   ;","A 841   ; A 542   ; A 540   ; A 714   ; A 761   ;","none; none; none; none; none","1.64 A","./target.php?radio=27363731750055693|irli|841:A or 542:A or 540:A or 714:A or 761:A|0.2033,-0.1004,-0.9740,-86.834,0.0685,0.9937,-0.0882,3.404,0.9767,-0.0488,0.2089,21.603,0.0,0.0,0.0,1.0&db=afhuman&afid=Q5T4S7"
"Q8IZQ1","WD REPEAT AND FYVE DOMAIN-CONTAINING PROTEIN 3","S; Q; Y; Y; Q;","B  50   ; B  89   ; D  36   ; D  55   ; D  89   ;","A 564   ; A1364   ; A 529   ; A 526   ; A 533   ;","none; none; none; none; none","1.65 A","./target.php?radio=27363731750055693|prib|564:A or 1364:A or 529:A or 526:A or 533:A|0.9271,0.0722,-0.3678,-37.244,0.1592,-0.9642,0.2122,0.245,-0.3393,-0.2553,-0.9054,2.462,0.0,0.0,0.0,1.0&db=afhuman&afid=Q8IZQ1"
"Q13507","SHORT TRANSIENT RECEPTOR POTENTIAL CHANNEL 3","E; S; Y; E; Y;","A  99   ; B  50   ; B  55   ; C  99   ; D  36   ;","A 240   ; A 201   ; A 247   ; A 440   ; A 543   ;","none; none; none; none; none","1.65 A","./target.php?radio=27363731750055693|rnjn|240:A or 201:A or 247:A or 440:A or 543:A|-0.5531,-0.4992,0.6670,-52.963,0.7846,-0.0427,0.6186,9.093,-0.2803,0.8654,0.4153,8.335,0.0,0.0,0.0,1.0&db=afhuman&afid=Q13507"
"Q9BU23","LIPASE MATURATION FACTOR 2","S; Y; Q; E; Q;","B  50   ; B  55   ; B  89   ; C  99   ; D  89   ;","A 628   ; A  27   ; A  76   ; A 151   ; A   9   ;","none; none; none; none; none","1.65 A","./target.php?radio=27363731750055693|frsw|628:A or 27:A or 76:A or 151:A or 9:A|-0.6585,-0.5815,0.4778,-43.115,0.2587,0.4213,0.8693,-8.043,-0.7067,0.6960,-0.1270,8.715,0.0,0.0,0.0,1.0&db=afhuman&afid=Q9BU23"
"O75882","ATTRACTIN","Y; Q; Y; Y; Y;","B  36   ; B  89   ; C 106   ; D  36   ; D  55   ;","A 537   ; A 542   ; A 195   ; A 187   ; A 189   ;","none; none; none; none; none","1.65 A","./target.php?radio=27363731750055693|qifm|537:A or 542:A or 195:A or 187:A or 189:A|-0.6190,-0.1459,0.7717,-59.768,0.6839,0.3829,0.6210,4.673,-0.3861,0.9122,-0.1372,3.931,0.0,0.0,0.0,1.0&db=afhuman&afid=O75882"
"Q96N23","CILIA- AND FLAGELLA-ASSOCIATED PROTEIN 54","Y; Q; Y; Y; Q;","B  36   ; B  89   ; C 106   ; D  36   ; D  89   ;","A1111   ; A1141   ; A 828   ; A 945   ; A 948   ;","none; none; none; none; none","1.66 A","./target.php?radio=27363731750055693|lxoe|1111:A or 1141:A or 828:A or 945:A or 948:A|0.6726,-0.0373,0.7391,-70.304,0.6160,-0.5254,-0.5870,-16.433,0.4102,0.8501,-0.3304,-3.434,0.0,0.0,0.0,1.0&db=afhuman&afid=Q96N23"
"Q13099","INTRAFLAGELLAR TRANSPORT PROTEIN 88 HOMOLOG","E; Y; E; Y; Q;","A  99   ; B  55   ; C  99   ; C 106   ; D  89   ;","A 296   ; A 315   ; A 215   ; A 207   ; A 246   ;","none; none; none; none; none","1.66 A","./target.php?radio=27363731750055693|elzv|296:A or 315:A or 215:A or 207:A or 246:A|-0.6979,0.6566,0.2861,-44.203,0.4084,0.6930,-0.5940,-13.817,-0.5883,-0.2977,-0.7518,21.279,0.0,0.0,0.0,1.0&db=afhuman&afid=Q13099"
"O60488","LONG-CHAIN-FATTY-ACID--COA LIGASE 4","E; Y; S; Y; Q;","A  99   ; B  36   ; B  50   ; B  55   ; D  89   ;","A 326   ; A 342   ; A 332   ; A 315   ; A 390   ;","none; none; none; none; none","1.66 A","./target.php?radio=27363731750055693|xwyz|326:A or 342:A or 332:A or 315:A or 390:A|-0.3656,0.0143,0.9307,-44.036,0.4205,-0.8895,0.1789,20.787,0.8304,0.4567,0.3192,16.363,0.0,0.0,0.0,1.0&db=afhuman&afid=O60488"
"Q9Y493","ZONADHESIN","S; Y; Q; Y; Y;","B  50   ; B  55   ; B  89   ; D  36   ; D  55   ;","A1367   ; A1389   ; A1362   ; A 780   ; A 764   ;","none; none; none; none; none","1.66 A","./target.php?radio=27363731750055693|dcpr|1367:A or 1389:A or 1362:A or 780:A or 764:A|-0.1714,0.1768,0.9692,-71.987,-0.9453,0.2477,-0.2123,11.419,-0.2776,-0.9526,0.1247,22.462,0.0,0.0,0.0,1.0&db=afhuman&afid=Q9Y493"
"Q9NZM1","MYOFERLIN","E; Y; E; Y; Q;","A  99   ; B  55   ; C  99   ; D  36   ; D  89   ;","A1463   ; A1458   ; A1409   ; A1700   ; A1735   ;","none; none; none; none; none","1.66 A","./target.php?radio=27363731750055693|pfki|1463:A or 1458:A or 1409:A or 1700:A or 1735:A|0.0364,-0.6848,0.7278,-62.720,0.0359,-0.7269,-0.6858,34.617,0.9987,0.0511,-0.0019,46.980,0.0,0.0,0.0,1.0&db=afhuman&afid=Q9NZM1"
"P08519","APOLIPOPROTEIN(A)","Y; S; Y; Y; Y;","B  36   ; B  50   ; B  55   ; D  36   ; D  55   ;","A 435   ; A 427   ; A 434   ; A1369   ; A1367   ;","none; none; none; none; none","1.66 A","./target.php?radio=27363731750055693|rcbr|435:A or 427:A or 434:A or 1369:A or 1367:A|-0.8378,0.4890,0.2428,-60.678,0.5326,0.6347,0.5598,24.695,0.1197,0.5984,-0.7922,7.599,0.0,0.0,0.0,1.0&db=afhuman&afid=P08519"
"Q9BZC7","ATP-BINDING CASSETTE SUB-FAMILY A MEMBER 2","E; Q; Y; Y; Q;","A  99   ; B  89   ; D  36   ; D  55   ; D  89   ;","A 869   ; A1645   ; A1785   ; A1965   ; A1788   ;","none; none; none; none; none","1.67 A","./target.php?radio=27363731750055693|dlvp|869:A or 1645:A or 1785:A or 1965:A or 1788:A|-0.4425,0.3501,-0.8256,-67.172,-0.7262,-0.6800,0.1009,20.558,-0.5261,0.6442,0.5552,28.873,0.0,0.0,0.0,1.0&db=afhuman&afid=Q9BZC7"
"Q9UFH2","DYNEIN HEAVY CHAIN 17, AXONEMAL","E; Y; E; Y; Q;","A  99   ; B  55   ; C  99   ; D  36   ; D  89   ;","A 128   ; A  87   ; A  46   ; A  77   ; A 165   ;","none; none; none; none; none","1.67 A","./target.php?radio=27363731750055693|dpam|128:A or 87:A or 46:A or 77:A or 165:A|-0.7200,-0.0594,0.6915,-15.082,0.5067,-0.7258,0.4652,11.040,0.4742,0.6853,0.5527,34.058,0.0,0.0,0.0,1.0&db=afhuman&afid=Q9UFH2"
