"Matches found in filtered_8v9z(AlphaFold)","Description","Residues","Query","Database Hits","Heteroatoms Notes in Database hit","RMSD","Viewer"
"Q96BF6","NUCLEUS ACCUMBENS-ASSOCIATED PROTEIN 2","T; R; D;","A  28   ; A  53   ; A  76   ;","A 388   ; A 448   ; A 385   ;","none; none; none","0.70 A","./target.php?radio=27363731750055991|ccyz|388:A or 448:A or 385:A|-0.0742,-0.8069,0.5860,-11.680,0.2065,-0.5873,-0.7826,-17.560,0.9756,0.0630,0.2102,4.753,0.0,0.0,0.0,1.0&db=afhuman&afid=Q96BF6"
"Q5S007","LEUCINE-RICH REPEAT SERINE/THREONINE-PROTEIN KINASE","T; R; D;","A  28   ; A  53   ; A  76   ;","A2186   ; A2142   ; A2183   ;","none; none; none","0.73 A","./target.php?radio=27363731750055991|foof|2186:A or 2142:A or 2183:A|0.9855,-0.0015,-0.1696,29.989,-0.1667,0.1754,-0.9703,-30.716,0.0312,0.9845,0.1726,-3.734,0.0,0.0,0.0,1.0&db=afhuman&afid=Q5S007"
"P15374","UBIQUITIN CARBOXYL-TERMINAL HYDROLASE ISOZYME L3","T; R; D;","A  28   ; A  53   ; A  76   ;","A  59   ; A 221   ; A 216   ;","none; none; none","0.73 A","./target.php?radio=27363731750055991|xnnw|59:A or 221:A or 216:A|-0.6113,-0.7762,-0.1545,-6.539,0.5130,-0.5373,0.6694,-5.120,-0.6026,0.3300,0.7266,17.882,0.0,0.0,0.0,1.0&db=afhuman&afid=P15374"
"Q03001","DYSTONIN","T; R; D;","A  28   ; A  53   ; A  76   ;","A 714   ; A 741   ; A 711   ;","none; none; none","0.74 A","./target.php?radio=27363731750055991|ecmd|714:A or 741:A or 711:A|0.4966,-0.7758,0.3893,-22.309,0.2354,-0.3113,-0.9207,24.449,0.8354,0.5489,0.0280,21.226,0.0,0.0,0.0,1.0&db=afhuman&afid=Q03001"
"O43426","SYNAPTOJANIN-1","T; R; D;","A  28   ; A  53   ; A  76   ;","A 154   ; A 147   ; A 140   ;","none; none; none","0.75 A","./target.php?radio=27363731750055991|eobb|154:A or 147:A or 140:A|0.2015,0.5386,-0.8181,1.508,-0.6879,-0.5168,-0.5096,-12.519,-0.6972,0.6655,0.2664,-18.418,0.0,0.0,0.0,1.0&db=afhuman&afid=O43426"
"Q14563","SEMAPHORIN-3A","T; R; D;","A  28   ; A  53   ; A  76   ;","A 496   ; A 544   ; A 437   ;","none; none; none","0.75 A","./target.php?radio=27363731750055991|onoi|496:A or 544:A or 437:A|0.3064,-0.7368,0.6027,-24.827,0.9492,0.2843,-0.1350,-5.480,-0.0719,0.6134,0.7865,7.124,0.0,0.0,0.0,1.0&db=afhuman&afid=Q14563"
"Q07954","PROLOW-DENSITY LIPOPROTEIN RECEPTOR-RELATED PROTEIN","T; R; D;","A  28   ; A  53   ; A  76   ;","A 283   ; A 235   ; A 280   ;","none; none; none","0.76 A","./target.php?radio=27363731750055991|zpav|283:A or 235:A or 280:A|-0.4135,0.1276,0.9015,3.297,-0.6211,-0.7636,-0.1768,-48.491,0.6658,-0.6330,0.3950,27.326,0.0,0.0,0.0,1.0&db=afhuman&afid=Q07954"
"P31639","SODIUM/GLUCOSE COTRANSPORTER 2","T; R; D;","A  28   ; A  53   ; A  76   ;","A  87   ; A 267   ; A 454   ;","none; none; none","0.77 A","./target.php?radio=27363731750055991|hpqe|87:A or 267:A or 454:A|0.9417,0.0819,0.3264,-17.685,0.3128,-0.5706,-0.7593,-14.757,0.1241,0.8171,-0.5630,-10.444,0.0,0.0,0.0,1.0&db=afhuman&afid=P31639"
"Q7Z2Y8","INTERFERON-INDUCED VERY LARGE GTPASE 1","T; R; D;","A  28   ; A  53   ; A  76   ;","A1664   ; A1628   ; A1661   ;","none; none; none","0.77 A","./target.php?radio=27363731750055991|gcsc|1664:A or 1628:A or 1661:A|-0.9013,-0.2281,0.3684,-16.852,-0.0660,0.9126,0.4036,-2.065,-0.4282,0.3394,-0.8375,11.714,0.0,0.0,0.0,1.0&db=afhuman&afid=Q7Z2Y8"
"Q07954","PROLOW-DENSITY LIPOPROTEIN RECEPTOR-RELATED PROTEIN","T; R; D;","A  28   ; A  53   ; A  76   ;","A1283   ; A1235   ; A1280   ;","none; none; none","0.78 A","./target.php?radio=27363731750055991|gypy|1283:A or 1235:A or 1280:A|0.4378,0.8529,-0.2844,-1.974,0.3991,0.0990,0.9115,-52.269,0.8056,-0.5126,-0.2971,44.113,0.0,0.0,0.0,1.0&db=afhuman&afid=Q07954"
"Q13643","FOUR AND A HALF LIM DOMAINS PROTEIN 3","T; R; D;","A  28   ; A  53   ; A  76   ;","A 189   ; A 164   ; A 206   ;","none; none; none","0.78 A","./target.php?radio=27363731750055991|uxrh|189:A or 164:A or 206:A|0.1150,-0.1478,0.9823,10.577,0.8494,0.5273,-0.0201,-31.132,-0.5150,0.8367,0.1862,17.129,0.0,0.0,0.0,1.0&db=afhuman&afid=Q13643"
"Q07954","PROLOW-DENSITY LIPOPROTEIN RECEPTOR-RELATED PROTEIN","T; R; D;","A  28   ; A  53   ; A  76   ;","A  83   ; A  35   ; A  80   ;","none; none; none","0.78 A","./target.php?radio=27363731750055991|aibu|83:A or 35:A or 80:A|-0.1612,0.9276,-0.3370,12.891,-0.0016,0.3412,0.9400,-56.637,0.9869,0.1520,-0.0535,46.492,0.0,0.0,0.0,1.0&db=afhuman&afid=Q07954"
"Q9ULK0","GLUTAMATE RECEPTOR IONOTROPIC, DELTA-1","T; R; D;","A  28   ; A  53   ; A  76   ;","A 378   ; A 296   ; A 325   ;","none; none; none","0.78 A","./target.php?radio=27363731750055991|abor|378:A or 296:A or 325:A|-0.8160,-0.5778,-0.0171,6.097,-0.3972,0.5390,0.7428,22.465,-0.4200,0.6129,-0.6693,-22.477,0.0,0.0,0.0,1.0&db=afhuman&afid=Q9ULK0"
"Q03001","DYSTONIN","T; R; D;","A  28   ; A  53   ; A  76   ;","A 314   ; A 341   ; A 311   ;","none; none; none","0.79 A","./target.php?radio=27363731750055991|fhsn|314:A or 341:A or 311:A|-0.7037,0.3707,-0.6062,-21.705,0.6552,0.6686,-0.3518,-11.622,0.2749,-0.6447,-0.7133,16.051,0.0,0.0,0.0,1.0&db=afhuman&afid=Q03001"
"Q03001","DYSTONIN","T; R; D;","A  28   ; A  53   ; A  76   ;","A 514   ; A 541   ; A 511   ;","none; none; none","0.79 A","./target.php?radio=27363731750055991|vmzi|514:A or 541:A or 511:A|-0.0755,-0.9970,-0.0143,-23.204,0.0467,0.0108,-0.9989,4.983,0.9961,-0.0761,0.0457,18.781,0.0,0.0,0.0,1.0&db=afhuman&afid=Q03001"
"Q07954","PROLOW-DENSITY LIPOPROTEIN RECEPTOR-RELATED PROTEIN","T; R; D;","A  28   ; A  53   ; A  76   ;","A 483   ; A 435   ; A 480   ;","none; none; none","0.79 A","./target.php?radio=27363731750055991|rppi|483:A or 435:A or 480:A|-0.9080,-0.3025,0.2900,4.413,0.1445,0.4235,0.8943,-34.125,-0.3934,0.8539,-0.3408,18.470,0.0,0.0,0.0,1.0&db=afhuman&afid=Q07954"
"Q07954","PROLOW-DENSITY LIPOPROTEIN RECEPTOR-RELATED PROTEIN","T; R; D;","A  28   ; A  53   ; A  76   ;","A 683   ; A 635   ; A 680   ;","none; none; none","0.79 A","./target.php?radio=27363731750055991|bkij|683:A or 635:A or 680:A|-0.5599,-0.8244,-0.0830,6.615,-0.7487,0.4605,0.4768,-50.656,-0.3549,0.3291,-0.8751,20.392,0.0,0.0,0.0,1.0&db=afhuman&afid=Q07954"
"P58107","EPIPLAKIN","T; R; D;","A  28   ; A  53   ; A  76   ;","A1086   ; A1169   ; A1088   ;","none; none; none","0.80 A","./target.php?radio=27363731750055991|ruzk|1086:A or 1169:A or 1088:A|-0.5770,-0.6260,0.5246,27.030,0.8120,-0.5090,0.2856,4.365,0.0883,0.5908,0.8020,20.626,0.0,0.0,0.0,1.0&db=afhuman&afid=P58107"
"O75335","LIPRIN-ALPHA-4","T; R; D;","A  28   ; A  53   ; A  76   ;","A1073   ; A1088   ; A1070   ;","none; none; none","0.80 A","./target.php?radio=27363731750055991|oviq|1073:A or 1088:A or 1070:A|-0.8219,-0.1127,-0.5583,-21.312,0.5280,-0.5185,-0.6726,12.548,-0.2138,-0.8476,0.4857,5.218,0.0,0.0,0.0,1.0&db=afhuman&afid=O75335"
"Q63HN8","E3 UBIQUITIN-PROTEIN LIGASE RNF213","T; R; D;","A  28   ; A  53   ; A  76   ;","A  58   ; A  19   ; A  60   ;","none; none; none","0.80 A","./target.php?radio=27363731750055991|vpul|58:A or 19:A or 60:A|0.9824,0.1805,-0.0482,-15.848,-0.1856,0.9726,-0.1399,22.653,0.0217,0.1464,0.9890,16.850,0.0,0.0,0.0,1.0&db=afhuman&afid=Q63HN8"
"Q2M3M2","SODIUM/GLUCOSE COTRANSPORTER 4","T; R; D;","A  28   ; A  53   ; A  76   ;","A  99   ; A 271   ; A 458   ;","none; none; none","0.80 A","./target.php?radio=27363731750055991|qkov|99:A or 271:A or 458:A|0.0986,-0.7498,-0.6543,-16.301,-0.0839,0.6489,-0.7562,-19.952,0.9916,0.1294,0.0010,-7.557,0.0,0.0,0.0,1.0&db=afhuman&afid=Q2M3M2"
"Q63HN8","E3 UBIQUITIN-PROTEIN LIGASE RNF213","T; R; D;","A  28   ; A  53   ; A  76   ;","A 858   ; A 819   ; A 860   ;","none; none; none","0.81 A","./target.php?radio=27363731750055991|hvhp|858:A or 819:A or 860:A|0.8382,0.1324,-0.5291,-22.336,0.2575,0.7591,0.5979,9.346,0.4808,-0.6374,0.6021,-0.232,0.0,0.0,0.0,1.0&db=afhuman&afid=Q63HN8"
"Q9NZC9","SWI/SNF-RELATED MATRIX-ASSOCIATED ACTIN-DEPENDENT R","T; R; D;","A  28   ; A  53   ; A  76   ;","A 514   ; A 490   ; A 517   ;","none; none; none","0.81 A","./target.php?radio=27363731750055991|zvse|514:A or 490:A or 517:A|0.8745,0.4573,-0.1619,11.332,0.3847,-0.8570,-0.3429,-17.752,-0.2956,0.2376,-0.9253,14.778,0.0,0.0,0.0,1.0&db=afhuman&afid=Q9NZC9"
"P98164","LOW-DENSITY LIPOPROTEIN RECEPTOR-RELATED PROTEIN 2","T; R; D;","A  28   ; A  53   ; A  76   ;","A 190   ; A 145   ; A 187   ;","none; none; none","0.81 A","./target.php?radio=27363731750055991|ryar|190:A or 145:A or 187:A|0.4769,0.4382,0.7619,4.593,0.1456,-0.8943,0.4232,-43.127,0.8668,-0.0909,-0.4903,70.056,0.0,0.0,0.0,1.0&db=afhuman&afid=P98164"
"Q63HN8","E3 UBIQUITIN-PROTEIN LIGASE RNF213","T; R; D;","A  28   ; A  53   ; A  76   ;","A1058   ; A1019   ; A1060   ;","none; none; none","0.81 A","./target.php?radio=27363731750055991|ggax|1058:A or 1019:A or 1060:A|0.8431,-0.1379,0.5197,-18.670,0.2788,0.9386,-0.2031,5.381,-0.4598,0.3161,0.8298,-11.937,0.0,0.0,0.0,1.0&db=afhuman&afid=Q63HN8"
"Q7Z6B7","SLIT-ROBO RHO GTPASE-ACTIVATING PROTEIN 1","T; R; D;","A  28   ; A  53   ; A  76   ;","A 501   ; A 312   ; A 514   ;","none; none; none","0.81 A","./target.php?radio=27363731750055991|cnjo|501:A or 312:A or 514:A|0.9570,-0.1843,0.2242,-17.051,0.0785,-0.5794,-0.8112,-36.681,0.2794,0.7939,-0.5400,-19.089,0.0,0.0,0.0,1.0&db=afhuman&afid=Q7Z6B7"
"Q6ZR03","UNCHARACTERIZED PROTEIN FLJ46757","T; R; D;","A  28   ; A  53   ; A  76   ;","A 261   ; A 197   ; A 258   ;","none; none; none","0.81 A","./target.php?radio=27363731750055991|twzo|261:A or 197:A or 258:A|0.2420,-0.9206,0.3066,-17.383,-0.9399,-0.1441,0.3095,-31.811,-0.2407,-0.3631,-0.9001,10.653,0.0,0.0,0.0,1.0&db=afhuman&afid=Q6ZR03"
"Q63HN8","E3 UBIQUITIN-PROTEIN LIGASE RNF213","T; R; D;","A  28   ; A  53   ; A  76   ;","A 258   ; A 219   ; A 260   ;","none; none; none","0.81 A","./target.php?radio=27363731750055991|kxwf|258:A or 219:A or 260:A|0.6739,-0.3688,0.6402,-8.278,0.7082,0.0755,-0.7020,22.219,0.2106,0.9264,0.3121,6.073,0.0,0.0,0.0,1.0&db=afhuman&afid=Q63HN8"
"P48449","LANOSTEROL SYNTHASE","T; R; D;","A  28   ; A  53   ; A  76   ;","A 330   ; A 438   ; A 326   ;","none; none; none","0.82 A","./target.php?radio=27363731750055991|syuw|330:A or 438:A or 326:A|-0.3509,0.2520,0.9018,-9.948,0.9143,0.3001,0.2719,-14.844,-0.2021,0.9200,-0.3358,-18.309,0.0,0.0,0.0,1.0&db=afhuman&afid=P48449"
"Q63HN8","E3 UBIQUITIN-PROTEIN LIGASE RNF213","T; R; D;","A  28   ; A  53   ; A  76   ;","A1258   ; A1219   ; A1260   ;","none; none; none","0.83 A","./target.php?radio=27363731750055991|qbwn|1258:A or 1219:A or 1260:A|0.1209,0.9849,-0.1241,-41.564,-0.9912,0.1266,0.0392,1.806,0.0543,0.1183,0.9915,40.624,0.0,0.0,0.0,1.0&db=afhuman&afid=Q63HN8"
"Q63HN8","E3 UBIQUITIN-PROTEIN LIGASE RNF213","T; R; D;","A  28   ; A  53   ; A  76   ;","A 658   ; A 619   ; A 660   ;","none; none; none","0.83 A","./target.php?radio=27363731750055991|wgiv|658:A or 619:A or 660:A|-0.1782,-0.4409,-0.8797,-14.938,0.9162,0.2518,-0.3118,14.528,0.3590,-0.8615,0.3591,10.477,0.0,0.0,0.0,1.0&db=afhuman&afid=Q63HN8"
"Q63HN8","E3 UBIQUITIN-PROTEIN LIGASE RNF213","T; R; D;","A  28   ; A  53   ; A  76   ;","A 458   ; A 419   ; A 460   ;","none; none; none","0.83 A","./target.php?radio=27363731750055991|fdnj|458:A or 419:A or 460:A|-0.4244,-0.7357,-0.5279,-14.013,0.5812,0.2257,-0.7818,19.082,0.6943,-0.6386,0.3318,8.856,0.0,0.0,0.0,1.0&db=afhuman&afid=Q63HN8"
"Q08AM6","PROTEIN VAC14 HOMOLOG","T; R; D;","A  28   ; A  53   ; A  76   ;","A 450   ; A 537   ; A 462   ;","none; none; none","0.84 A","./target.php?radio=27363731750055991|sciu|450:A or 537:A or 462:A|0.8332,0.0540,0.5503,-13.114,-0.3176,-0.7680,0.5562,1.925,0.4526,-0.6382,-0.6228,-7.498,0.0,0.0,0.0,1.0&db=afhuman&afid=Q08AM6"
"Q92496","COMPLEMENT FACTOR H-RELATED PROTEIN 4","T; R; D;","A  28   ; A  53   ; A  76   ;","A 370   ; A 412   ; A 372   ;","none; none; none","0.84 A","./target.php?radio=27363731750055991|hury|370:A or 412:A or 372:A|0.9434,0.2671,0.1965,-22.511,0.2553,-0.9632,0.0834,-2.473,0.2115,-0.0285,-0.9770,-26.388,0.0,0.0,0.0,1.0&db=afhuman&afid=Q92496"
"Q03001","DYSTONIN","T; R; D;","A  28   ; A  53   ; A  76   ;","A 114   ; A 141   ; A 111   ;","none; none; none","0.84 A","./target.php?radio=27363731750055991|iatg|114:A or 141:A or 111:A|-0.2748,-0.9436,-0.1848,-26.640,0.0297,0.1838,-0.9825,-2.603,0.9611,-0.2754,-0.0224,23.011,0.0,0.0,0.0,1.0&db=afhuman&afid=Q03001"
"Q9NRF8","CTP SYNTHASE 2","T; R; D;","A  28   ; A  53   ; A  76   ;","A  49   ; A 479   ; A  46   ;","none; none; none","0.85 A","./target.php?radio=27363731750055991|zjon|49:A or 479:A or 46:A|0.6174,-0.3079,-0.7239,-8.270,-0.2367,-0.9503,0.2024,-18.882,-0.7502,0.0464,-0.6596,13.807,0.0,0.0,0.0,1.0&db=afhuman&afid=Q9NRF8"
"Q93074","MEDIATOR OF RNA POLYMERASE II TRANSCRIPTION SUBUNIT","T; R; D;","A  28   ; A  53   ; A  76   ;","A1355   ; A 516   ; A1352   ;","none; none; none","0.85 A","./target.php?radio=27363731750055991|idah|1355:A or 516:A or 1352:A|0.3764,0.8267,-0.4182,-11.403,-0.9145,0.4040,-0.0246,-12.638,0.1486,0.3917,0.9080,15.063,0.0,0.0,0.0,1.0&db=afhuman&afid=Q93074"
"Q96QA5","GASDERMIN-A","T; R; D;","A  28   ; A  53   ; A  76   ;","A 424   ; A  13   ; A 421   ;","none; none; none","0.85 A","./target.php?radio=27363731750055991|mugo|424:A or 13:A or 421:A|0.9617,0.0321,-0.2721,6.349,0.2663,0.1240,0.9559,-5.164,0.0644,-0.9918,0.1107,3.206,0.0,0.0,0.0,1.0&db=afhuman&afid=Q96QA5"
"Q8WXR4","MYOSIN-IIIB","T; R; D;","A  28   ; A  53   ; A  76   ;","A 358   ; A 970   ; A 355   ;","none; none; none","0.85 A","./target.php?radio=27363731750055991|pfmw|358:A or 970:A or 355:A|-0.9392,0.3102,-0.1474,-11.888,-0.1746,-0.8006,-0.5731,-2.518,-0.2958,-0.5126,0.8061,32.873,0.0,0.0,0.0,1.0&db=afhuman&afid=Q8WXR4"
"Q96Q42","ALSIN","T; R; D;","A  28   ; A  53   ; A  76   ;","A 787   ; A 913   ; A1013   ;","none; none; none","0.86 A","./target.php?radio=27363731750055991|oabx|787:A or 913:A or 1013:A|-0.3638,-0.9312,-0.0209,-26.343,0.6740,-0.2477,-0.6959,-1.078,0.6429,-0.2673,0.7178,-24.895,0.0,0.0,0.0,1.0&db=afhuman&afid=Q96Q42"
"P00734","PROTHROMBIN","T; R; D;","A  28   ; A  53   ; A  76   ;","A 545   ; A 608   ; A 460   ;","none; none; none","0.88 A","./target.php?radio=27363731750055991|tzkl|545:A or 608:A or 460:A|0.1145,-0.0714,0.9909,-13.919,0.9174,0.3903,-0.0779,-16.688,-0.3811,0.9179,0.1102,-11.164,0.0,0.0,0.0,1.0&db=afhuman&afid=P00734"
"Q969K4","ANKYRIN REPEAT AND BTB/POZ DOMAIN-CONTAINING PROTEI","T; R; D;","A  28   ; A  53   ; A  76   ;","A 380   ; A 414   ; A 377   ;","none; none; none","0.88 A","./target.php?radio=27363731750055991|cwoa|380:A or 414:A or 377:A|-0.3518,0.6246,0.6972,-23.001,0.5110,0.7522,-0.4161,14.566,-0.7843,0.2099,-0.5838,5.222,0.0,0.0,0.0,1.0&db=afhuman&afid=Q969K4"
"M0QZD8","UNCHARACTERIZED PROTEIN","T; R; D;","A  28   ; A  53   ; A  76   ;","A 109   ; A 275   ; A  75   ;","none; none; none","0.88 A","./target.php?radio=27363731750055991|mouw|109:A or 275:A or 75:A|-0.3750,-0.7600,-0.5308,7.948,0.1034,0.5348,-0.8386,-20.001,0.9213,-0.3693,-0.1220,12.513,0.0,0.0,0.0,1.0&db=afhuman&afid=M0QZD8"
"Q59H18","SERINE/THREONINE-PROTEIN KINASE TNNI3K","T; R; D;","A  28   ; A  53   ; A  76   ;","A  13   ; A 244   ; A 232   ;","none; none; none","0.88 A","./target.php?radio=27363731750055991|lwpr|13:A or 244:A or 232:A|0.7311,0.6607,0.1705,-4.557,-0.6698,0.6471,0.3644,-4.232,0.1304,-0.3806,0.9155,3.019,0.0,0.0,0.0,1.0&db=afhuman&afid=Q59H18"
"P20585","DNA MISMATCH REPAIR PROTEIN MSH3","T; R; D;","A  28   ; A  53   ; A  76   ;","A 569   ; A 573   ; A 832   ;","none; none; none","0.88 A","./target.php?radio=27363731750055991|nswv|569:A or 573:A or 832:A|-0.1737,0.8816,0.4388,-6.422,-0.4647,-0.4662,0.7528,-15.082,0.8683,-0.0731,0.4907,19.767,0.0,0.0,0.0,1.0&db=afhuman&afid=P20585"
"P98164","LOW-DENSITY LIPOPROTEIN RECEPTOR-RELATED PROTEIN 2","T; R; D;","A  28   ; A  53   ; A  76   ;","A 590   ; A 545   ; A 587   ;","none; none; none","0.89 A","./target.php?radio=27363731750055991|yvnh|590:A or 545:A or 587:A|0.9243,-0.0096,0.3815,-18.783,0.0340,0.9978,-0.0574,-34.746,-0.3801,0.0660,0.9226,49.016,0.0,0.0,0.0,1.0&db=afhuman&afid=P98164"
"M0QZD8","UNCHARACTERIZED PROTEIN","T; R; D;","A  28   ; A  53   ; A  76   ;","A 309   ; A 475   ; A 275   ;","none; none; none","0.89 A","./target.php?radio=27363731750055991|qudb|309:A or 475:A or 275:A|-0.0759,-0.8722,-0.4832,7.280,0.1751,-0.4887,0.8547,-33.933,-0.9816,-0.0198,0.1898,10.468,0.0,0.0,0.0,1.0&db=afhuman&afid=M0QZD8"
"Q9UGT4","SUSHI DOMAIN-CONTAINING PROTEIN 2","T; R; D;","A  28   ; A  53   ; A  76   ;","A 641   ; A 486   ; A 643   ;","none; none; none","0.89 A","./target.php?radio=27363731750055991|bkbh|641:A or 486:A or 643:A|0.2366,-0.7579,0.6080,-6.592,0.7463,0.5425,0.3858,-8.762,-0.6222,0.3624,0.6939,-21.905,0.0,0.0,0.0,1.0&db=afhuman&afid=Q9UGT4"
"Q12834","CELL DIVISION CYCLE PROTEIN 20 HOMOLOG","T; R; D;","A  28   ; A  53   ; A  76   ;","A 450   ; A 316   ; A 191   ;","none; none; none","0.89 A","./target.php?radio=27363731750055991|fhzt|450:A or 316:A or 191:A|0.6901,0.4197,-0.5896,-6.623,0.4520,-0.8862,-0.1018,-11.037,-0.5653,-0.1962,-0.8012,2.288,0.0,0.0,0.0,1.0&db=afhuman&afid=Q12834"
"Q9NP73","PUTATIVE BIFUNCTIONAL UDP-N-ACETYLGLUCOSAMINE TRANS","T; R; D;","A  28   ; A  53   ; A  76   ;","A  45   ; A  62   ; A  14   ;","none; none; none","0.89 A","./target.php?radio=27363731750055991|cbro|45:A or 62:A or 14:A|0.1115,-0.3629,0.9251,-4.186,0.9316,-0.2859,-0.2244,-41.913,0.3459,0.8869,0.3062,-15.956,0.0,0.0,0.0,1.0&db=afhuman&afid=Q9NP73"
"Q15772","STRIATED MUSCLE PREFERENTIALLY EXPRESSED PROTEIN KI","T; R; D;","A  28   ; A  53   ; A  76   ;","A 478   ; A 487   ; A 529   ;","none; none; none","0.90 A","./target.php?radio=27363731750055991|gkgh|478:A or 487:A or 529:A|0.9499,0.3017,0.0820,15.381,-0.1379,0.1687,0.9760,-11.448,0.2806,-0.9384,0.2019,-15.737,0.0,0.0,0.0,1.0&db=afhuman&afid=Q15772"
"P17812","CTP SYNTHASE 1","T; R; D;","A  28   ; A  53   ; A  76   ;","A  49   ; A 479   ; A  46   ;","none; none; none","0.91 A","./target.php?radio=27363731750055991|iirx|49:A or 479:A or 46:A|-0.2420,0.2159,0.9459,-8.464,0.7804,-0.5360,0.3220,-17.366,0.5766,0.8161,-0.0388,12.922,0.0,0.0,0.0,1.0&db=afhuman&afid=P17812"
"P13612","INTEGRIN ALPHA-4","T; R; D;","A  28   ; A  53   ; A  76   ;","A 573   ; A 620   ; A 570   ;","none; none; none","0.91 A","./target.php?radio=27363731750055991|vgyu|573:A or 620:A or 570:A|-0.6406,0.1439,-0.7543,6.074,0.7655,0.1964,-0.6127,31.566,0.0600,-0.9699,-0.2359,-6.885,0.0,0.0,0.0,1.0&db=afhuman&afid=P13612"
"Q9BRX9","WD REPEAT DOMAIN-CONTAINING PROTEIN 83","T; R; D;","A  28   ; A  53   ; A  76   ;","A 222   ; A 177   ; A 219   ;","none; none; none","0.91 A","./target.php?radio=27363731750055991|mfkr|222:A or 177:A or 219:A|0.7012,0.2687,-0.6604,-8.098,0.5718,0.3413,0.7460,-24.898,0.4259,-0.9007,0.0857,21.113,0.0,0.0,0.0,1.0&db=afhuman&afid=Q9BRX9"
"P28062","PROTEASOME SUBUNIT BETA TYPE-8","T; R; D;","A  28   ; A  53   ; A  76   ;","A 191   ; A 163   ; A 187   ;","none; none; none","0.91 A","./target.php?radio=27363731750055991|hcze|191:A or 163:A or 187:A|-0.4347,-0.6588,0.6140,-23.951,-0.1807,0.7318,0.6572,-8.043,-0.8822,0.1748,-0.4372,4.459,0.0,0.0,0.0,1.0&db=afhuman&afid=P28062"
"Q9NT99","LEUCINE-RICH REPEAT-CONTAINING PROTEIN 4B","T; R; D;","A  28   ; A  53   ; A  76   ;","A 389   ; A 270   ; A 318   ;","none; none; none","0.92 A","./target.php?radio=27363731750055991|yddz|389:A or 270:A or 318:A|0.1929,-0.9608,-0.1993,-6.609,0.9303,0.1145,0.3484,-20.587,-0.3119,-0.2526,0.9159,22.952,0.0,0.0,0.0,1.0&db=afhuman&afid=Q9NT99"
"Q9BU70","TRNA (ADENINE(37)-N6)-METHYLTRANSFERASE","T; R; D;","A  28   ; A  53   ; A  76   ;","A 128   ; A 117   ; A 146   ;","none; none; none","0.92 A","./target.php?radio=27363731750055991|apuh|128:A or 117:A or 146:A|0.4487,0.8374,0.3121,-15.469,-0.4184,-0.1118,0.9014,-13.516,0.7897,-0.5351,0.3002,6.570,0.0,0.0,0.0,1.0&db=afhuman&afid=Q9BU70"
"Q92560","UBIQUITIN CARBOXYL-TERMINAL HYDROLASE BAP1","T; R; D;","A  28   ; A  53   ; A  76   ;","A 218   ; A  56   ; A 225   ;","none; none; none","0.92 A","./target.php?radio=27363731750055991|jitm|218:A or 56:A or 225:A|0.7117,0.6627,-0.2333,-23.584,-0.4906,0.7065,0.5101,-18.386,0.5029,-0.2486,0.8279,26.920,0.0,0.0,0.0,1.0&db=afhuman&afid=Q92560"
"Q5VT25","SERINE/THREONINE-PROTEIN KINASE MRCK ALPHA","T; R; D;","A  28   ; A  53   ; A  76   ;","A  30   ; A1562   ; A 412   ;","none; none; none","0.92 A","./target.php?radio=27363731750055991|afsp|30:A or 1562:A or 412:A|-0.8484,0.1544,0.5063,7.220,-0.3392,-0.8929,-0.2961,-20.918,0.4064,-0.4229,0.8099,-5.408,0.0,0.0,0.0,1.0&db=afhuman&afid=Q5VT25"
"P98164","LOW-DENSITY LIPOPROTEIN RECEPTOR-RELATED PROTEIN 2","T; R; D;","A  28   ; A  53   ; A  76   ;","A 990   ; A 945   ; A 987   ;","none; none; none","0.93 A","./target.php?radio=27363731750055991|akkz|990:A or 945:A or 987:A|0.9069,-0.0617,-0.4167,-19.499,0.2648,-0.6860,0.6777,-22.719,-0.3277,-0.7250,-0.6058,34.018,0.0,0.0,0.0,1.0&db=afhuman&afid=P98164"
"Q9NRW7","VACUOLAR PROTEIN SORTING-ASSOCIATED PROTEIN 45","T; R; D;","A  28   ; A  53   ; A  76   ;","A  31   ; A 157   ; A  28   ;","none; none; none","0.93 A","./target.php?radio=27363731750055991|ihfy|31:A or 157:A or 28:A|0.6831,0.6567,-0.3194,0.024,0.6425,-0.3325,0.6904,-8.368,0.3472,-0.6769,-0.6491,11.776,0.0,0.0,0.0,1.0&db=afhuman&afid=Q9NRW7"
"P35557","HEXOKINASE-4","T; R; D;","A  28   ; A  53   ; A  76   ;","A 342   ; A 368   ; A 344   ;","none; none; none","0.93 A","./target.php?radio=27363731750055991|zsii|342:A or 368:A or 344:A|-0.9755,-0.0469,-0.2152,13.707,-0.1799,0.7334,0.6556,-19.600,0.1271,0.6782,-0.7238,-13.869,0.0,0.0,0.0,1.0&db=afhuman&afid=P35557"
"O75643","U5 SMALL NUCLEAR RIBONUCLEOPROTEIN 200 KDA HELICASE","T; R; D;","A  28   ; A  53   ; A  76   ;","A 976   ; A 406   ; A 973   ;","none; none; none","0.93 A","./target.php?radio=27363731750055991|vomy|976:A or 406:A or 973:A|-0.0596,-0.7665,0.6395,-21.907,0.9820,0.0700,0.1753,8.524,-0.1791,0.6384,0.7486,25.201,0.0,0.0,0.0,1.0&db=afhuman&afid=O75643"
"Q00005","SERINE/THREONINE-PROTEIN PHOSPHATASE 2A 55 KDA REGU","T; R; D;","A  28   ; A  53   ; A  76   ;","A 303   ; A 326   ; A 300   ;","none; none; none","0.93 A","./target.php?radio=27363731750055991|htpo|303:A or 326:A or 300:A|0.7945,0.6005,-0.0901,-25.105,-0.2078,0.4083,0.8889,-3.823,0.5706,-0.6875,0.4491,5.473,0.0,0.0,0.0,1.0&db=afhuman&afid=Q00005"
"Q6RI45","BROMODOMAIN AND WD REPEAT-CONTAINING PROTEIN 3","T; R; D;","A  28   ; A  53   ; A  76   ;","A 437   ; A 378   ; A 432   ;","none; none; none","0.93 A","./target.php?radio=27363731750055991|vihs|437:A or 378:A or 432:A|-0.8483,0.1345,0.5122,-23.576,0.5286,0.2747,0.8032,-3.746,-0.0327,0.9521,-0.3041,23.460,0.0,0.0,0.0,1.0&db=afhuman&afid=Q6RI45"
"Q96PQ1","SIALIC ACID-BINDING IG-LIKE LECTIN 12","T; R; D;","A  28   ; A  53   ; A  76   ;","A 228   ; A 252   ; A 225   ;","none; none; none","0.93 A","./target.php?radio=27363731750055991|rtfr|228:A or 252:A or 225:A|0.9311,0.1214,-0.3441,-29.175,0.3648,-0.2952,0.8830,1.089,0.0056,-0.9477,-0.3191,14.600,0.0,0.0,0.0,1.0&db=afhuman&afid=Q96PQ1"
"Q8NB66","PROTEIN UNC-13 HOMOLOG C","T; R; D;","A  28   ; A  53   ; A  76   ;","A2077   ; A2144   ; A2139   ;","none; none; none","0.93 A","./target.php?radio=27363731750055991|jglp|2077:A or 2144:A or 2139:A|0.4635,-0.5764,0.6730,-22.718,0.5301,-0.4282,-0.7319,53.393,0.7100,0.6960,0.1071,81.440,0.0,0.0,0.0,1.0&db=afhuman&afid=Q8NB66"
"Q15772","STRIATED MUSCLE PREFERENTIALLY EXPRESSED PROTEIN KI","T; R; D;","A  28   ; A  53   ; A  76   ;","A 278   ; A 287   ; A 329   ;","none; none; none","0.94 A","./target.php?radio=27363731750055991|fqip|278:A or 287:A or 329:A|0.9825,0.1668,0.0835,14.596,-0.1469,0.4158,0.8975,-14.141,0.1149,-0.8940,0.4330,-8.507,0.0,0.0,0.0,1.0&db=afhuman&afid=Q15772"
"Q3MJ13","WD REPEAT-CONTAINING PROTEIN 72","T; R; D;","A  28   ; A  53   ; A  76   ;","A 143   ; A  72   ; A 140   ;","none; none; none","0.94 A","./target.php?radio=27363731750055991|fhkb|143:A or 72:A or 140:A|-0.3461,-0.8021,0.4867,-2.430,-0.8275,0.5054,0.2446,-4.526,-0.4421,-0.3181,-0.8387,18.951,0.0,0.0,0.0,1.0&db=afhuman&afid=Q3MJ13"
"Q07890","SON OF SEVENLESS HOMOLOG 2","T; R; D;","A  28   ; A  53   ; A  76   ;","A 776   ; A 852   ; A 773   ;","none; none; none","0.94 A","./target.php?radio=27363731750055991|wttd|776:A or 852:A or 773:A|0.2027,0.9565,-0.2100,-10.874,0.7540,-0.0156,0.6567,-24.246,0.6248,-0.2914,-0.7243,53.813,0.0,0.0,0.0,1.0&db=afhuman&afid=Q07890"
"Q9P225","DYNEIN HEAVY CHAIN 2, AXONEMAL","T; R; D;","A  28   ; A  53   ; A  76   ;","A 410   ; A 578   ; A 455   ;","none; none; none","0.94 A","./target.php?radio=27363731750055991|bksd|410:A or 578:A or 455:A|0.0742,0.8026,0.5919,-17.404,0.4649,0.4973,-0.7325,-33.094,-0.8822,0.3295,-0.3363,9.768,0.0,0.0,0.0,1.0&db=afhuman&afid=Q9P225"
"P15924","DESMOPLAKIN","T; R; D;","A  28   ; A  53   ; A  76   ;","A 577   ; A 606   ; A 574   ;","none; none; none","0.94 A","./target.php?radio=27363731750055991|dzln|577:A or 606:A or 574:A|-0.5763,-0.1347,0.8060,19.974,0.1421,-0.9878,-0.0635,-10.735,0.8048,0.0780,0.5885,9.498,0.0,0.0,0.0,1.0&db=afhuman&afid=P15924"
"A8MVS1","ZINC FINGER PROTEIN 705F","T; R; D;","A  28   ; A  53   ; A  76   ;","A 126   ; A 188   ; A 124   ;","none; none; none","0.94 A","./target.php?radio=27363731750055991|lguq|126:A or 188:A or 124:A|-0.6041,-0.7859,0.1319,12.058,0.7831,-0.5548,0.2809,-12.849,-0.1475,0.2730,0.9506,11.025,0.0,0.0,0.0,1.0&db=afhuman&afid=A8MVS1"
"O43280","TREHALASE","T; R; D;","A  28   ; A  53   ; A  76   ;","A 236   ; A 366   ; A 232   ;","none; none; none","0.95 A","./target.php?radio=27363731750055991|agqf|236:A or 366:A or 232:A|-0.0119,-0.9371,0.3489,-30.174,-0.6852,-0.2465,-0.6854,-9.386,0.7283,-0.2472,-0.6391,8.577,0.0,0.0,0.0,1.0&db=afhuman&afid=O43280"
"O75445","USHERIN","T; R; D;","A  28   ; A  53   ; A  76   ;","A1015   ; A 985   ; A1012   ;","none; none; none","0.95 A","./target.php?radio=27363731750055991|lkwq|1015:A or 985:A or 1012:A|0.3515,-0.9349,-0.0480,-11.811,0.9357,0.3525,-0.0128,-29.512,0.0289,-0.0404,0.9988,136.490,0.0,0.0,0.0,1.0&db=afhuman&afid=O75445"
"O00472","RNA POLYMERASE II ELONGATION FACTOR ELL2","T; R; D;","A  28   ; A  53   ; A  76   ;","A  37   ; A 137   ; A 129   ;","none; none; none","0.95 A","./target.php?radio=27363731750055991|rfuj|37:A or 137:A or 129:A|-0.1750,-0.0308,0.9841,22.297,0.8026,0.5745,0.1607,4.452,-0.5703,0.8179,-0.0758,3.706,0.0,0.0,0.0,1.0&db=afhuman&afid=O00472"
"P15924","DESMOPLAKIN","T; R; D;","A  28   ; A  53   ; A  76   ;","A1177   ; A1206   ; A1174   ;","none; none; none","0.95 A","./target.php?radio=27363731750055991|cpqe|1177:A or 1206:A or 1174:A|-0.4982,-0.1253,0.8580,8.294,0.2799,-0.9598,0.0224,-25.397,0.8206,0.2513,0.5132,-8.331,0.0,0.0,0.0,1.0&db=afhuman&afid=P15924"
"P48454","SERINE/THREONINE-PROTEIN PHOSPHATASE 2B CATALYTIC S","T; R; D;","A  28   ; A  53   ; A  76   ;","A 215   ; A 144   ; A 212   ;","none; none; none","0.95 A","./target.php?radio=27363731750055991|mnui|215:A or 144:A or 212:A|0.5253,-0.2605,-0.8100,5.149,0.7851,-0.2185,0.5795,-21.748,-0.3280,-0.9404,0.0898,6.929,0.0,0.0,0.0,1.0&db=afhuman&afid=P48454"
"M0QZD8","UNCHARACTERIZED PROTEIN","T; R; D;","A  28   ; A  53   ; A  76   ;","A 509   ; A 675   ; A 475   ;","none; none; none","0.95 A","./target.php?radio=27363731750055991|gqfp|509:A or 675:A or 475:A|-0.2710,0.9324,0.2390,2.074,-0.9331,-0.1934,-0.3033,-35.174,-0.2366,-0.3052,0.9224,6.818,0.0,0.0,0.0,1.0&db=afhuman&afid=M0QZD8"
"O95461","LARGE XYLOSYL- AND GLUCURONYLTRANSFERASE 1","T; R; D;","A  28   ; A  53   ; A  76   ;","A 588   ; A 664   ; A 584   ;","none; none; none","0.96 A","./target.php?radio=27363731750055991|vimb|588:A or 664:A or 584:A|-0.6690,0.7083,0.2253,8.351,0.3205,0.5484,-0.7724,-28.680,-0.6706,-0.4446,-0.5939,23.395,0.0,0.0,0.0,1.0&db=afhuman&afid=O95461"
"O75326","SEMAPHORIN-7A","T; R; D;","A  28   ; A  53   ; A  76   ;","A 217   ; A 202   ; A 382   ;","none; none; none","0.96 A","./target.php?radio=27363731750055991|rxlo|217:A or 202:A or 382:A|-0.1503,0.8799,0.4507,-1.555,-0.9825,-0.1835,0.0305,-8.944,0.1095,-0.4382,0.8922,31.414,0.0,0.0,0.0,1.0&db=afhuman&afid=O75326"
"P15924","DESMOPLAKIN","T; R; D;","A  28   ; A  53   ; A  76   ;","A 977   ; A1006   ; A 974   ;","none; none; none","0.96 A","./target.php?radio=27363731750055991|wain|977:A or 1006:A or 974:A|-0.5811,-0.1223,0.8046,11.120,-0.0809,-0.9751,-0.2066,-15.237,0.8098,-0.1852,0.5567,-0.513,0.0,0.0,0.0,1.0&db=afhuman&afid=P15924"
"P31153","S-ADENOSYLMETHIONINE SYNTHASE ISOFORM TYPE-2","T; R; D;","A  28   ; A  53   ; A  76   ;","A 103   ; A  84   ; A 100   ;","none; none; none","0.96 A","./target.php?radio=27363731750055991|qrzj|103:A or 84:A or 100:A|-0.6163,0.7476,0.2474,-20.251,-0.3454,0.0258,-0.9381,-29.107,-0.7077,-0.6636,0.2423,24.045,0.0,0.0,0.0,1.0&db=afhuman&afid=P31153"
"P49760","DUAL SPECIFICITY PROTEIN KINASE CLK2","T; R; D;","A  28   ; A  53   ; A  76   ;","A 425   ; A 432   ; A 422   ;","none; none; none","0.96 A","./target.php?radio=27363731750055991|wanz|425:A or 432:A or 422:A|0.4518,-0.5891,0.6700,1.051,-0.6253,0.3265,0.7088,-1.857,-0.6363,-0.7392,-0.2208,27.804,0.0,0.0,0.0,1.0&db=afhuman&afid=P49760"
"Q6PIJ6","F-BOX ONLY PROTEIN 38","T; R; D;","A  28   ; A  53   ; A  76   ;","A1013   ; A 870   ; A1010   ;","none; none; none","0.97 A","./target.php?radio=27363731750055991|nutm|1013:A or 870:A or 1010:A|0.7866,0.6066,-0.1158,-38.631,-0.5931,0.6899,-0.4150,3.556,-0.1718,0.3951,0.9024,21.587,0.0,0.0,0.0,1.0&db=afhuman&afid=Q6PIJ6"
"Q9UKT8","F-BOX/WD REPEAT-CONTAINING PROTEIN 2","T; R; D;","A  28   ; A  53   ; A  76   ;","A 394   ; A 359   ; A 391   ;","none; none; none","0.97 A","./target.php?radio=27363731750055991|tqup|394:A or 359:A or 391:A|-0.0286,0.9895,0.1417,-16.462,0.1459,-0.1361,0.9799,-28.310,0.9889,0.0487,-0.1404,11.773,0.0,0.0,0.0,1.0&db=afhuman&afid=Q9UKT8"
"P15924","DESMOPLAKIN","T; R; D;","A  28   ; A  53   ; A  76   ;","A 777   ; A 806   ; A 774   ;","none; none; none","0.97 A","./target.php?radio=27363731750055991|hcgn|777:A or 806:A or 774:A|-0.4894,-0.0659,0.8696,21.016,0.2370,-0.9697,0.0599,-6.708,0.8392,0.2354,0.4902,8.500,0.0,0.0,0.0,1.0&db=afhuman&afid=P15924"
"O75173","A DISINTEGRIN AND METALLOPROTEINASE WITH THROMBOSPO","T; R; D;","A  28   ; A  53   ; A  76   ;","A 301   ; A 268   ; A 306   ;","none; none; none","0.97 A","./target.php?radio=27363731750055991|zwnj|301:A or 268:A or 306:A|-0.1062,-0.7506,0.6522,-13.445,0.9018,-0.3491,-0.2549,-4.202,0.4190,0.5611,0.7139,21.946,0.0,0.0,0.0,1.0&db=afhuman&afid=O75173"
"P51878","CASPASE-5","T; R; D;","A  28   ; A  53   ; A  76   ;","A 141   ; A  11   ; A 137   ;","none; none; none","0.97 A","./target.php?radio=27363731750055991|ojrb|141:A or 11:A or 137:A|-0.8688,-0.1362,0.4761,7.749,0.1596,0.8331,0.5296,-8.319,-0.4688,0.5361,-0.7020,29.841,0.0,0.0,0.0,1.0&db=afhuman&afid=P51878"
"Q15772","STRIATED MUSCLE PREFERENTIALLY EXPRESSED PROTEIN KI","T; R; D;","A  28   ; A  53   ; A  76   ;","A 678   ; A 687   ; A 729   ;","none; none; none","0.98 A","./target.php?radio=27363731750055991|orae|678:A or 687:A or 729:A|-0.1936,-0.7444,-0.6390,15.436,-0.9791,0.1052,0.1741,-17.109,-0.0624,0.6594,-0.7492,-16.970,0.0,0.0,0.0,1.0&db=afhuman&afid=Q15772"
"Q9NYU2","UDP-GLUCOSE:GLYCOPROTEIN GLUCOSYLTRANSFERASE 1","T; R; D;","A  28   ; A  53   ; A  76   ;","A 404   ; A1002   ; A 401   ;","none; none; none","0.98 A","./target.php?radio=27363731750055991|ilji|404:A or 1002:A or 401:A|0.9066,-0.4057,-0.1163,-11.572,0.1384,0.0255,0.9900,-4.408,-0.3987,-0.9137,0.0792,5.705,0.0,0.0,0.0,1.0&db=afhuman&afid=Q9NYU2"
"Q5JSH3","WD REPEAT-CONTAINING PROTEIN 44","T; R; D;","A  28   ; A  53   ; A  76   ;","A 799   ; A 909   ; A 797   ;","none; none; none","0.98 A","./target.php?radio=27363731750055991|rmns|799:A or 909:A or 797:A|0.0715,-0.5942,-0.8012,-17.076,0.7214,0.5854,-0.3699,-12.706,0.6888,-0.5516,0.4705,-11.926,0.0,0.0,0.0,1.0&db=afhuman&afid=Q5JSH3"
"A8MVJ9","PUTATIVE HISTONE PARYLATION FACTOR 1-LIKE","T; R; D;","A  28   ; A  53   ; A  76   ;","A 226   ; A 207   ; A 133   ;","none; none; none","0.98 A","./target.php?radio=27363731750055991|hljq|226:A or 207:A or 133:A|0.1154,0.9612,0.2504,-17.106,-0.2695,0.2730,-0.9235,-13.740,-0.9561,0.0391,0.2906,0.378,0.0,0.0,0.0,1.0&db=afhuman&afid=A8MVJ9"
"P98164","LOW-DENSITY LIPOPROTEIN RECEPTOR-RELATED PROTEIN 2","T; R; D;","A  28   ; A  53   ; A  76   ;","A1390   ; A1345   ; A1387   ;","none; none; none","0.98 A","./target.php?radio=27363731750055991|pkdw|1390:A or 1345:A or 1387:A|-0.6604,0.1678,0.7319,-36.919,0.1549,0.9842,-0.0858,-22.803,-0.7347,0.0567,-0.6760,42.362,0.0,0.0,0.0,1.0&db=afhuman&afid=P98164"
"P98164","LOW-DENSITY LIPOPROTEIN RECEPTOR-RELATED PROTEIN 2","T; R; D;","A  28   ; A  53   ; A  76   ;","A 790   ; A 745   ; A 787   ;","none; none; none","0.99 A","./target.php?radio=27363731750055991|dhuk|790:A or 745:A or 787:A|-0.2630,-0.3783,0.8875,-21.681,0.9338,-0.3312,0.1356,-26.045,0.2426,0.8644,0.4403,40.871,0.0,0.0,0.0,1.0&db=afhuman&afid=P98164"
"Q32M88","PROTEIN-GLUCOSYLGALACTOSYLHYDROXYLYSINE GLUCOSIDASE","T; R; D;","A  28   ; A  53   ; A  76   ;","A  86   ; A 257   ; A  83   ;","none; none; none","0.99 A","./target.php?radio=27363731750055991|zxkk|86:A or 257:A or 83:A|-0.9161,0.1945,0.3507,0.904,-0.4009,-0.4710,-0.7858,-9.284,0.0123,-0.8604,0.5094,18.877,0.0,0.0,0.0,1.0&db=afhuman&afid=Q32M88"
"P54277","PMS1 PROTEIN HOMOLOG 1","T; R; D;","A  28   ; A  53   ; A  76   ;","A  89   ; A 265   ; A  34   ;","none; none; none","0.99 A","./target.php?radio=27363731750055991|liuh|89:A or 265:A or 34:A|0.0499,-0.6846,0.7272,-9.417,0.0995,0.7279,0.6784,-33.870,-0.9938,0.0385,0.1044,0.707,0.0,0.0,0.0,1.0&db=afhuman&afid=P54277"
"P56192","METHIONINE--TRNA LIGASE, CYTOPLASMIC","T; R; D;","A  28   ; A  53   ; A  76   ;","A 762   ; A 296   ; A 615   ;","none; none; none","0.99 A","./target.php?radio=27363731750055991|kays|762:A or 296:A or 615:A|-0.2089,-0.9727,0.1009,-5.044,0.1426,-0.1324,-0.9809,-30.010,0.9675,-0.1906,0.1664,3.659,0.0,0.0,0.0,1.0&db=afhuman&afid=P56192"
"Q8N6R0","EEF1A LYSINE AND N-TERMINAL METHYLTRANSFERASE","T; R; D;","A  28   ; A  53   ; A  76   ;","A 686   ; A 677   ; A 684   ;","none; none; none","0.99 A","./target.php?radio=27363731750055991|jxwg|686:A or 677:A or 684:A|0.0398,0.8566,-0.5144,-31.452,-0.5404,0.4515,0.7100,15.929,0.8405,0.2498,0.4809,3.734,0.0,0.0,0.0,1.0&db=afhuman&afid=Q8N6R0"
"Q9HC35","ECHINODERM MICROTUBULE-ASSOCIATED PROTEIN-LIKE 4","T; R; D;","A  28   ; A  53   ; A  76   ;","A 350   ; A 303   ; A 347   ;","none; none; none","0.99 A","./target.php?radio=27363731750055991|plob|350:A or 303:A or 347:A|0.6430,-0.5667,-0.5152,-5.404,-0.4947,0.2061,-0.8442,-21.893,0.5846,0.7978,-0.1478,21.454,0.0,0.0,0.0,1.0&db=afhuman&afid=Q9HC35"
"Q63HN8","E3 UBIQUITIN-PROTEIN LIGASE RNF213","T; R; D;","A  28   ; A  53   ; A  76   ;","A1124   ; A1131   ; A1121   ;","none; none; none","0.99 A","./target.php?radio=27363731750055991|hiak|1124:A or 1131:A or 1121:A|-0.8275,0.5255,0.1979,-53.016,0.4322,0.3712,0.8218,-15.276,0.3584,0.7656,-0.5343,16.363,0.0,0.0,0.0,1.0&db=afhuman&afid=Q63HN8"
"Q9HCX3","ZINC FINGER PROTEIN 304","T; R; D;","A  28   ; A  53   ; A  76   ;","A 321   ; A 346   ; A 320   ;","none; none; none","1.00 A","./target.php?radio=27363731750055991|qsig|321:A or 346:A or 320:A|-0.7321,-0.2138,0.6467,34.208,-0.1174,-0.8957,-0.4290,-13.164,0.6709,-0.3900,0.6307,1.528,0.0,0.0,0.0,1.0&db=afhuman&afid=Q9HCX3"
"Q63HN8","E3 UBIQUITIN-PROTEIN LIGASE RNF213","T; R; D;","A  28   ; A  53   ; A  76   ;","A1324   ; A1331   ; A1321   ;","none; none; none","1.00 A","./target.php?radio=27363731750055991|vvsd|1324:A or 1331:A or 1321:A|-0.9262,-0.3763,0.0229,-54.665,-0.3744,0.9253,0.0597,-22.708,-0.0437,0.0467,-0.9980,17.596,0.0,0.0,0.0,1.0&db=afhuman&afid=Q63HN8"
"Q63HN8","E3 UBIQUITIN-PROTEIN LIGASE RNF213","T; R; D;","A  28   ; A  53   ; A  76   ;","A 724   ; A 731   ; A 721   ;","none; none; none","1.00 A","./target.php?radio=27363731750055991|qyyp|724:A or 731:A or 721:A|-0.3079,-0.5847,0.7506,-45.633,-0.3884,-0.6430,-0.6601,-10.795,0.8686,-0.4947,-0.0291,20.809,0.0,0.0,0.0,1.0&db=afhuman&afid=Q63HN8"
"O75445","USHERIN","T; R; D;","A  28   ; A  53   ; A  76   ;","A1215   ; A1185   ; A1212   ;","none; none; none","1.00 A","./target.php?radio=27363731750055991|rjgn|1215:A or 1185:A or 1212:A|-0.4181,-0.7881,-0.4518,-26.870,-0.7583,0.5766,-0.3042,-0.622,0.5002,0.2154,-0.8387,163.451,0.0,0.0,0.0,1.0&db=afhuman&afid=O75445"
"Q13702","43 KDA RECEPTOR-ASSOCIATED PROTEIN OF THE SYNAPSE","T; R; D;","A  28   ; A  53   ; A  76   ;","A 264   ; A 299   ; A 261   ;","none; none; none","1.00 A","./target.php?radio=27363731750055991|wcmp|264:A or 299:A or 261:A|0.7389,-0.3533,0.5738,-6.457,0.6336,0.0744,-0.7701,4.997,0.2294,0.9325,0.2789,19.989,0.0,0.0,0.0,1.0&db=afhuman&afid=Q13702"
"Q8WYK1","CONTACTIN-ASSOCIATED PROTEIN-LIKE 5","T; R; D;","A  28   ; A  53   ; A  76   ;","A  50   ; A  96   ; A  48   ;","none; none; none","1.00 A","./target.php?radio=27363731750055991|gziy|50:A or 96:A or 48:A|0.0449,0.9556,0.2912,-27.530,-0.1569,-0.2811,0.9468,-53.368,0.9866,-0.0882,0.1373,31.006,0.0,0.0,0.0,1.0&db=afhuman&afid=Q8WYK1"
"Q9UNW1","MULTIPLE INOSITOL POLYPHOSPHATE PHOSPHATASE 1","T; R; D;","A  28   ; A  53   ; A  76   ;","A  91   ; A  88   ; A 153   ;","none; none; none","1.00 A","./target.php?radio=27363731750055991|vuod|91:A or 88:A or 153:A|-0.8502,-0.5221,-0.0678,-4.258,-0.4758,0.7069,0.5233,-20.455,-0.2253,0.4771,-0.8495,5.214,0.0,0.0,0.0,1.0&db=afhuman&afid=Q9UNW1"
"O75445","USHERIN","T; R; D;","A  28   ; A  53   ; A  76   ;","A 152   ; A 134   ; A 147   ;","none; none; none","1.01 A","./target.php?radio=27363731750055991|yyqx|152:A or 134:A or 147:A|-0.6619,-0.0652,0.7468,-31.342,0.3914,-0.8797,0.2701,-12.591,0.6393,0.4710,0.6078,11.238,0.0,0.0,0.0,1.0&db=afhuman&afid=O75445"
"Q63HN8","E3 UBIQUITIN-PROTEIN LIGASE RNF213","T; R; D;","A  28   ; A  53   ; A  76   ;","A 924   ; A 931   ; A 921   ;","none; none; none","1.01 A","./target.php?radio=27363731750055991|pwyl|924:A or 931:A or 921:A|-0.6542,-0.6303,0.4181,-49.744,-0.6850,0.2593,-0.6808,-20.802,0.3207,-0.7318,-0.6014,17.818,0.0,0.0,0.0,1.0&db=afhuman&afid=Q63HN8"
"Q5VYJ5","MAM AND LDL-RECEPTOR CLASS A DOMAIN-CONTAINING PROT","T; R; D;","A  28   ; A  53   ; A  76   ;","A 903   ; A 853   ; A1016   ;","none; none; none","1.01 A","./target.php?radio=27363731750055991|moho|903:A or 853:A or 1016:A|0.5242,-0.6777,-0.5157,-33.037,-0.6327,-0.7153,0.2967,13.318,-0.5700,0.1707,-0.8037,-2.264,0.0,0.0,0.0,1.0&db=afhuman&afid=Q5VYJ5"
"Q14204","CYTOPLASMIC DYNEIN 1 HEAVY CHAIN 1","T; R; D;","A  28   ; A  53   ; A  76   ;","A  40   ; A 109   ; A  38   ;","none; none; none","1.01 A","./target.php?radio=27363731750055991|btkq|40:A or 109:A or 38:A|-0.3559,0.1332,0.9250,136.937,0.1422,0.9860,-0.0872,-50.607,-0.9236,0.1005,-0.3698,120.104,0.0,0.0,0.0,1.0&db=afhuman&afid=Q14204"
"P32456","GUANYLATE-BINDING PROTEIN 2","T; R; D;","A  28   ; A  53   ; A  76   ;","A  75   ; A  48   ; A  97   ;","none; none; none","1.01 A","./target.php?radio=27363731750055991|ysjx|75:A or 48:A or 97:A|0.1840,0.7964,-0.5760,-40.077,-0.2963,0.6037,0.7401,-2.077,0.9372,0.0345,0.3471,6.371,0.0,0.0,0.0,1.0&db=afhuman&afid=P32456"
"Q92685","DOL-P-MAN:MAN(5)GLCNAC(2)-PP-DOL","T; R; D;","A  28   ; A  53   ; A  76   ;","A  95   ; A 266   ; A  70   ;","none; none; none","1.01 A","./target.php?radio=27363731750055991|yjag|95:A or 266:A or 70:A|0.0518,0.9684,0.2440,-16.367,0.3279,0.2143,-0.9201,-28.769,-0.9433,0.1277,-0.3065,7.945,0.0,0.0,0.0,1.0&db=afhuman&afid=Q92685"
"Q9H6R4","NUCLEOLAR PROTEIN 6","T; R; D;","A  28   ; A  53   ; A  76   ;","A 696   ; A 863   ; A 877   ;","none; none; none","1.01 A","./target.php?radio=27363731750055991|yggy|696:A or 863:A or 877:A|0.3519,0.3059,0.8846,-17.200,0.7364,-0.6739,-0.0599,-6.530,0.5778,0.6725,-0.4624,21.501,0.0,0.0,0.0,1.0&db=afhuman&afid=Q9H6R4"
