"Matches found in filtered_9axn_residues(AlphaFold)","Description","Residues","Query","Database Hits","Heteroatoms Notes in Database hit","RMSD","Viewer"
"Q8TE58","A DISINTEGRIN AND METALLOPROTEINASE WITH THROMBOSPO","E; G; Y; Y; Q;","H  95   ; H  97   ; H 102   ; L  36   ; L  89   ;","A 556   ; A 557   ; A 554   ; A 219   ; A 426   ;","none; none; none; none; none","1.16 A","./target.php?radio=27363721750056459|bfqy|556:A or 557:A or 554:A or 219:A or 426:A|-0.2682,0.7197,-0.6404,-17.705,-0.9292,-0.0177,0.3692,-73.340,0.2544,0.6941,0.6735,-87.564,0.0,0.0,0.0,1.0&db=afhuman&afid=Q8TE58"
"P08519","APOLIPOPROTEIN(A)","Y; S; G; Y; Y;","A  35   ; H  94   ; H  97   ; H 102   ; L  91   ;","A1056   ; A 719   ; A 724   ; A 718   ; A 767   ;","none; none; none; none; none","1.19 A","./target.php?radio=27363721750056459|lrvk|1056:A or 719:A or 724:A or 718:A or 767:A|0.9262,-0.1786,0.3322,-46.311,0.2127,-0.4800,-0.8511,-49.073,0.3114,0.8589,-0.4066,-54.918,0.0,0.0,0.0,1.0&db=afhuman&afid=P08519"
"Q99808","EQUILIBRATIVE NUCLEOSIDE TRANSPORTER 1","S; G; Y; Y; Q;","H  94   ; H  97   ; L  36   ; L  55   ; L  89   ;","A 160   ; A 114   ; A 232   ; A 223   ; A 236   ;","none; none; none; none; none","1.19 A","./target.php?radio=27363721750056459|wvfz|160:A or 114:A or 232:A or 223:A or 236:A|0.4919,0.8445,-0.2116,-29.302,-0.5097,0.0824,-0.8564,-67.876,-0.7058,0.5291,0.4710,-108.114,0.0,0.0,0.0,1.0&db=afhuman&afid=Q99808"
"P55318","HEPATOCYTE NUCLEAR FACTOR 3-GAMMA","Y; S; G; Y; Y;","A  35   ; H  94   ; H  97   ; H 102   ; L  36   ;","A 338   ; A 189   ; A 186   ; A 190   ; A 144   ;","none; none; none; none; none","1.21 A","./target.php?radio=27363721750056459|ifgv|338:A or 189:A or 186:A or 190:A or 144:A|0.4893,0.0897,0.8675,-31.792,-0.3007,0.9510,0.0713,-70.306,-0.8186,-0.2958,0.4924,-89.527,0.0,0.0,0.0,1.0&db=afhuman&afid=P55318"
"Q9NQI0","PROBABLE ATP-DEPENDENT RNA HELICASE DDX4","S; G; Y; Y; Y;","H  94   ; H  97   ; H 102   ; L  36   ; L  49   ;","A 336   ; A 632   ; A 271   ; A 308   ; A 262   ;","none; none; none; none; none","1.23 A","./target.php?radio=27363721750056459|vkzd|336:A or 632:A or 271:A or 308:A or 262:A|0.4875,0.8652,-0.1175,-44.023,-0.8700,0.4928,0.0192,-87.993,0.0745,0.0928,0.9929,-93.180,0.0,0.0,0.0,1.0&db=afhuman&afid=Q9NQI0"
"P13533","MYOSIN-6","S; S; E; G; Y;","A  94   ; H  94   ; H  95   ; H  97   ; H 102   ;","A1472   ; A 320   ; A 318   ; A 317   ; A 288   ;","none; none; none; none; none","1.24 A","./target.php?radio=27363721750056459|lkaz|1472:A or 320:A or 318:A or 317:A or 288:A|-0.8526,0.1527,-0.4997,-9.210,-0.4443,-0.7151,0.5396,-68.531,-0.2750,0.6821,0.6776,-76.479,0.0,0.0,0.0,1.0&db=afhuman&afid=P13533"
"O14578","CITRON RHO-INTERACTING KINASE","S; E; G; Y; Y;","A  94   ; H  95   ; H  97   ; L  36   ; L  91   ;","A 862   ; A1798   ; A1795   ; A1814   ; A1742   ;","none; none; none; none; none","1.25 A","./target.php?radio=27363721750056459|qhnz|862:A or 1798:A or 1795:A or 1814:A or 1742:A|-0.3750,-0.3292,-0.8666,-32.143,0.8398,-0.5165,-0.1672,-38.040,-0.3926,-0.7905,0.4701,-94.581,0.0,0.0,0.0,1.0&db=afhuman&afid=O14578"
"Q9NRR4","RIBONUCLEASE 3","S; Y; S; E; Y;","A  94   ; H  35   ; H  94   ; H  95   ; L  55   ;","A  64   ; A 421   ; A 418   ; A 419   ; A 594   ;","none; none; none; none; none","1.27 A","./target.php?radio=27363721750056459|oefu|64:A or 421:A or 418:A or 419:A or 594:A|0.2480,-0.8182,0.5188,-20.791,-0.5428,0.3262,0.7739,-47.157,-0.8024,-0.4735,-0.3633,-64.319,0.0,0.0,0.0,1.0&db=afhuman&afid=Q9NRR4"
"O14578","CITRON RHO-INTERACTING KINASE","S; Y; E; G; Y;","A  94   ; H  35   ; H  95   ; H  97   ; L  36   ;","A 862   ; A1800   ; A1798   ; A1795   ; A1814   ;","none; none; none; none; none","1.30 A","./target.php?radio=27363721750056459|qhnz|862:A or 1800:A or 1798:A or 1795:A or 1814:A|-0.6193,-0.2709,-0.7369,-42.775,0.7148,-0.5827,-0.3866,-38.989,-0.3247,-0.7662,0.5545,-93.307,0.0,0.0,0.0,1.0&db=afhuman&afid=O14578"
"Q8N2Y8","IPORIN","S; S; E; Y; Y;","A  94   ; H  94   ; H  95   ; H 102   ; L  55   ;","A 890   ; A 443   ; A 444   ; A 445   ; A 446   ;","none; none; none; none; none","1.30 A","./target.php?radio=27363721750056459|mzeu|890:A or 443:A or 444:A or 445:A or 446:A|0.3072,-0.6802,-0.6656,-42.673,-0.9513,-0.2382,-0.1956,-72.465,-0.0255,0.6933,-0.7202,-38.019,0.0,0.0,0.0,1.0&db=afhuman&afid=Q8N2Y8"
"Q9C0B1","ALPHA-KETOGLUTARATE-DEPENDENT DIOXYGENASE FTO","Y; E; G; Y; Q;","H  35   ; H  95   ; H  97   ; H 102   ; L  89   ;","A 220   ; A 218   ; A 224   ; A  30   ; A 306   ;","none; none; none; none; none","1.31 A","./target.php?radio=27363721750056459|wpid|220:A or 218:A or 224:A or 30:A or 306:A|-0.6851,-0.7241,-0.0789,-33.700,-0.7223,0.6613,0.2026,-95.700,-0.0945,0.1958,-0.9761,-77.669,0.0,0.0,0.0,1.0&db=afhuman&afid=Q9C0B1"
"Q9NZC3","GLYCEROPHOSPHODIESTER PHOSPHODIESTERASE 1","S; E; G; Y; Y;","H  94   ; H  95   ; H  97   ; H 102   ; L  55   ;","A 308   ; A 311   ; A 315   ; A 309   ; A 318   ;","none; none; none; none; none","1.31 A","./target.php?radio=27363721750056459|foiq|308:A or 311:A or 315:A or 309:A or 318:A|-0.7123,-0.6873,-0.1422,-17.906,-0.5199,0.6528,-0.5509,-80.616,0.4714,-0.3185,-0.8224,-83.694,0.0,0.0,0.0,1.0&db=afhuman&afid=Q9NZC3"
"Q14315","FILAMIN-C","Y; S; S; G; Y;","A  35   ; A  94   ; H  94   ; H  97   ; H 102   ;","A   1   ; A  34   ; A 329   ; A 274   ; A 330   ;","none; none; none; none; none","1.33 A","./target.php?radio=27363721750056459|stst|1:A or 34:A or 329:A or 274:A or 330:A|0.0465,0.9947,0.0919,-5.999,-0.8664,0.0859,-0.4919,-79.159,-0.4971,-0.0567,0.8658,-99.575,0.0,0.0,0.0,1.0&db=afhuman&afid=Q14315"
"Q86VP6","CULLIN-ASSOCIATED NEDD8-DISSOCIATED PROTEIN 1","S; E; G; Y; Q;","H  94   ; H  95   ; H  97   ; L  55   ; L  89   ;","A 841   ; A 844   ; A 846   ; A 878   ; A 794   ;","none; none; none; none; none","1.33 A","./target.php?radio=27363721750056459|ehnp|841:A or 844:A or 846:A or 878:A or 794:A|0.1774,0.7892,0.5879,-40.162,0.1313,-0.6110,0.7806,-93.693,0.9753,-0.0613,-0.2121,-56.706,0.0,0.0,0.0,1.0&db=afhuman&afid=Q86VP6"
"Q8TB92","3-HYDROXY-3-METHYLGLUTARYL-COA LYASE, CYTOPLASMIC","Y; E; G; Y; Y;","H  35   ; H  95   ; H  97   ; H 102   ; L  55   ;","A 212   ; A 244   ; A 273   ; A 238   ; A 243   ;","none; none; none; none; none","1.33 A","./target.php?radio=27363721750056459|npjs|212:A or 244:A or 273:A or 238:A or 243:A|-0.6446,0.4723,0.6011,-47.224,0.7627,0.3430,0.5483,-76.408,0.0528,0.8119,-0.5814,-93.922,0.0,0.0,0.0,1.0&db=afhuman&afid=Q8TB92"
"P49748","VERY LONG-CHAIN SPECIFIC ACYL-COA DEHYDROGENASE,","Y; S; G; Y; Y;","H  35   ; H  94   ; H  97   ; L  49   ; L  91   ;","A 576   ; A 418   ; A 343   ; A 398   ; A  90   ;","none; none; none; none; none","1.33 A","./target.php?radio=27363721750056459|ekkd|576:A or 418:A or 343:A or 398:A or 90:A|0.7343,0.5626,0.3799,-30.733,-0.6404,0.7597,0.1127,-78.748,-0.2252,-0.3260,0.9182,-99.292,0.0,0.0,0.0,1.0&db=afhuman&afid=P49748"
"P55201","PEREGRIN","Y; S; E; Y; Y;","H  35   ; H  94   ; H  95   ; H 102   ; L  55   ;","A  35   ; A  36   ; A  39   ; A  40   ; A  43   ;","none; none; none; none; none","1.33 A","./target.php?radio=27363721750056459|vuqu|35:A or 36:A or 39:A or 40:A or 43:A|-0.8816,-0.4192,-0.2170,-56.178,0.3806,-0.3593,-0.8521,-89.060,0.2792,-0.8338,0.4763,-132.165,0.0,0.0,0.0,1.0&db=afhuman&afid=P55201"
"P23467","RECEPTOR-TYPE TYROSINE-PROTEIN PHOSPHATASE BETA","S; S; G; Y; Y;","A  94   ; H  94   ; H  97   ; H 102   ; L  36   ;","A1350   ; A1511   ; A1569   ; A1524   ; A1528   ;","none; none; none; none; none","1.34 A","./target.php?radio=27363721750056459|tera|1350:A or 1511:A or 1569:A or 1524:A or 1528:A|-0.6480,-0.2088,-0.7324,-95.193,-0.0628,-0.9438,0.3246,-42.934,-0.7590,0.2563,0.5985,-75.191,0.0,0.0,0.0,1.0&db=afhuman&afid=P23467"
"Q9NTN9","SEMAPHORIN-4G","S; Y; S; G; Y;","A  94   ; H  35   ; H  94   ; H  97   ; L  49   ;","A 731   ; A 633   ; A 645   ; A 628   ; A 610   ;","none; none; none; none; none","1.35 A","./target.php?radio=27363721750056459|xryj|731:A or 633:A or 645:A or 628:A or 610:A|-0.0141,0.7414,0.6709,-47.675,0.9077,-0.2719,0.3196,-53.365,0.4194,0.6135,-0.6691,-57.596,0.0,0.0,0.0,1.0&db=afhuman&afid=Q9NTN9"
"Q149N8","E3 UBIQUITIN-PROTEIN LIGASE SHPRH","E; G; Y; Q; Y;","H  95   ; H  97   ; L  55   ; L  89   ; L  91   ;","A1215   ; A1216   ; A1341   ; A1125   ; A1122   ;","none; none; none; none; none","1.35 A","./target.php?radio=27363721750056459|awrj|1215:A or 1216:A or 1341:A or 1125:A or 1122:A|0.0959,-0.4794,0.8724,7.368,-0.5754,0.6884,0.4416,-64.520,-0.8122,-0.5443,-0.2098,-71.150,0.0,0.0,0.0,1.0&db=afhuman&afid=Q149N8"
"Q8N1P7","BETA/GAMMA CRYSTALLIN DOMAIN-CONTAINING PROTEIN 2","S; G; Y; Y; Q;","H  94   ; H  97   ; L  36   ; L  55   ; L  89   ;","A1161   ; A1024   ; A1308   ; A1070   ; A1317   ;","none; none; none; none; none","1.36 A","./target.php?radio=27363721750056459|ntdp|1161:A or 1024:A or 1308:A or 1070:A or 1317:A|-0.0417,0.1833,0.9822,-43.637,0.9390,0.3432,-0.0241,-67.819,-0.3415,0.9212,-0.1864,-100.416,0.0,0.0,0.0,1.0&db=afhuman&afid=Q8N1P7"
"Q5T1H1","PROTEIN EYES SHUT HOMOLOG","Y; E; G; Y; Q;","H  35   ; H  95   ; H  97   ; H 102   ; L  89   ;","A 755   ; A 757   ; A 567   ; A 626   ; A 749   ;","none; none; none; none; none","1.36 A","./target.php?radio=27363721750056459|gppi|755:A or 757:A or 567:A or 626:A or 749:A|-0.2365,-0.9636,0.1250,-35.412,0.8975,-0.2659,-0.3518,-89.270,0.3722,0.0289,0.9277,-90.882,0.0,0.0,0.0,1.0&db=afhuman&afid=Q5T1H1"
"Q96DT5","DYNEIN HEAVY CHAIN 11, AXONEMAL","Y; S; E; Y; Q;","A  35   ; A  94   ; H  95   ; L  55   ; L  89   ;","A 489   ; A 528   ; A 181   ; A 307   ; A 238   ;","none; none; none; none; none","1.36 A","./target.php?radio=27363721750056459|kvjg|489:A or 528:A or 181:A or 307:A or 238:A|-0.9452,-0.1360,-0.2967,-61.419,-0.3260,0.4411,0.8362,-63.537,0.0171,0.8871,-0.4613,-65.176,0.0,0.0,0.0,1.0&db=afhuman&afid=Q96DT5"
"O60494","CUBILIN","Y; S; Y; Y; Q;","A  35   ; H  94   ; H 102   ; L  36   ; L  89   ;","A 294   ; A 955   ; A 957   ; A 852   ; A 850   ;","none; none; none; none; none","1.36 A","./target.php?radio=27363721750056459|ebym|294:A or 955:A or 957:A or 852:A or 850:A|-0.3201,0.8210,-0.4727,-36.835,-0.0797,-0.5205,-0.8501,-56.530,-0.9440,-0.2344,0.2321,-78.387,0.0,0.0,0.0,1.0&db=afhuman&afid=O60494"
"P08519","APOLIPOPROTEIN(A)","S; S; G; Y; Y;","A  94   ; H  94   ; H  97   ; H 102   ; L  36   ;","A 128   ; A 633   ; A 638   ; A 632   ; A 679   ;","none; none; none; none; none","1.37 A","./target.php?radio=27363721750056459|bdtr|128:A or 633:A or 638:A or 632:A or 679:A|0.1769,-0.9842,0.0112,-58.668,-0.9268,-0.1627,0.3384,-59.049,-0.3313,-0.0702,-0.9409,-61.054,0.0,0.0,0.0,1.0&db=afhuman&afid=P08519"
"P08519","APOLIPOPROTEIN(A)","S; S; G; Y; Y;","A  94   ; H  94   ; H  97   ; H 102   ; L  36   ;","A1236   ; A 579   ; A 584   ; A 578   ; A 625   ;","none; none; none; none; none","1.37 A","./target.php?radio=27363721750056459|fbwv|1236:A or 579:A or 584:A or 578:A or 625:A|0.6767,0.1281,-0.7251,-56.393,0.2566,-0.9640,0.0692,-63.097,-0.6901,-0.2329,-0.6852,-69.096,0.0,0.0,0.0,1.0&db=afhuman&afid=P08519"
"Q6UXC1","APICAL ENDOSOMAL GLYCOPROTEIN","S; G; Y; Y; Q;","A  94   ; H  97   ; H 102   ; L  36   ; L  89   ;","A 451   ; A 922   ; A 893   ; A 857   ; A 833   ;","none; none; none; none; none","1.37 A","./target.php?radio=27363721750056459|fazv|451:A or 922:A or 893:A or 857:A or 833:A|-0.1798,0.8660,-0.4667,-9.430,0.4755,0.4918,0.7294,-67.768,0.8612,-0.0907,-0.5002,-60.744,0.0,0.0,0.0,1.0&db=afhuman&afid=Q6UXC1"
"Q8NF91","NESPRIN-1","S; E; G; Y; Q;","A  94   ; H  95   ; H  97   ; L  55   ; L  89   ;","A 962   ; A 711   ; A 745   ; A 782   ; A 717   ;","none; none; none; none; none","1.37 A","./target.php?radio=27363721750056459|olnh|962:A or 711:A or 745:A or 782:A or 717:A|-0.8013,0.2027,-0.5628,-26.202,-0.2545,0.7360,0.6274,-3.573,0.5414,0.6460,-0.5382,-134.671,0.0,0.0,0.0,1.0&db=afhuman&afid=Q8NF91"
"Q5VYJ5","MAM AND LDL-RECEPTOR CLASS A DOMAIN-CONTAINING PROT","S; S; G; Y; Y;","A  94   ; H  94   ; H  97   ; H 102   ; L  91   ;","A1769   ; A1153   ; A1128   ; A1240   ; A1147   ;","none; none; none; none; none","1.37 A","./target.php?radio=27363721750056459|moho|1769:A or 1153:A or 1128:A or 1240:A or 1147:A|-0.5739,-0.6464,-0.5028,-28.197,0.1618,-0.6914,0.7041,-66.696,-0.8028,0.3228,0.5014,-95.930,0.0,0.0,0.0,1.0&db=afhuman&afid=Q5VYJ5"
"P98088","MUCIN-5AC","S; E; G; Y; Y;","A  94   ; H  95   ; H  97   ; H 102   ; L  55   ;","A 924   ; A 204   ; A 202   ; A 207   ; A   1   ;","none; none; none; none; none","1.38 A","./target.php?radio=27363721750056459|avcj|924:A or 204:A or 202:A or 207:A or 1:A|0.8393,0.0685,-0.5393,-30.089,0.4059,-0.7389,0.5379,-75.264,-0.3616,-0.6703,-0.6480,-79.959,0.0,0.0,0.0,1.0&db=afhuman&afid=P98088"
"O60706","ATP-BINDING CASSETTE SUB-FAMILY C MEMBER 9","S; S; G; Y; Y;","A  94   ; H  94   ; H  97   ; L  36   ; L  55   ;","A1520   ; A 576   ; A1249   ; A1261   ; A1254   ;","none; none; none; none; none","1.38 A","./target.php?radio=27363721750056459|iqvx|1520:A or 576:A or 1249:A or 1261:A or 1254:A|0.8697,-0.1013,0.4830,-33.201,-0.1001,0.9222,0.3736,-56.592,-0.4832,-0.3732,0.7919,-66.597,0.0,0.0,0.0,1.0&db=afhuman&afid=O60706"
"Q15361","TRANSCRIPTION TERMINATION FACTOR 1","S; S; E; G; Y;","A  94   ; H  94   ; H  95   ; H  97   ; L  91   ;","A 161   ; A 881   ; A 882   ; A 758   ; A 811   ;","none; none; none; none; none","1.38 A","./target.php?radio=27363721750056459|kunj|161:A or 881:A or 882:A or 758:A or 811:A|0.2438,-0.9682,-0.0556,-13.678,-0.6909,-0.1331,-0.7106,-80.593,0.6806,0.2116,-0.7014,-69.368,0.0,0.0,0.0,1.0&db=afhuman&afid=Q15361"
"Q6PRD1","PROBABLE G-PROTEIN COUPLED RECEPTOR 179","S; Y; S; E; G;","A  94   ; H  35   ; H  94   ; H  95   ; H  97   ;","A1258   ; A 403   ; A 402   ; A 420   ; A 415   ;","none; none; none; none; none","1.39 A","./target.php?radio=27363721750056459|etpi|1258:A or 403:A or 402:A or 420:A or 415:A|-0.5873,0.4028,-0.7020,-22.897,0.6693,0.7294,-0.1413,-50.386,0.4551,-0.5529,-0.6980,-71.575,0.0,0.0,0.0,1.0&db=afhuman&afid=Q6PRD1"
"Q9NSC7","ALPHA-N-ACETYLGALACTOSAMINIDE ALPHA-2,6-SIALYLTRANS","S; E; G; Y; Y;","H  94   ; H  95   ; H  97   ; L  49   ; L  55   ;","A 385   ; A 382   ; A 380   ; A 588   ; A 539   ;","none; none; none; none; none","1.39 A","./target.php?radio=27363721750056459|viqp|385:A or 382:A or 380:A or 588:A or 539:A|0.2598,0.5232,-0.8116,-21.100,0.9422,0.0467,0.3317,-62.697,0.2114,-0.8509,-0.4809,-86.801,0.0,0.0,0.0,1.0&db=afhuman&afid=Q9NSC7"
"Q9NRR4","RIBONUCLEASE 3","S; Y; S; E; Y;","A  94   ; H  35   ; H  94   ; H  95   ; L  55   ;","A  60   ; A 421   ; A 418   ; A 419   ; A 594   ;","none; none; none; none; none","1.39 A","./target.php?radio=27363721750056459|oefu|60:A or 421:A or 418:A or 419:A or 594:A|0.2065,-0.8314,0.5158,-19.175,-0.6735,0.2616,0.6914,-43.237,-0.7098,-0.4902,-0.5059,-70.770,0.0,0.0,0.0,1.0&db=afhuman&afid=Q9NRR4"
"P08519","APOLIPOPROTEIN(A)","S; S; G; Y; Y;","A  94   ; H  94   ; H  97   ; H 102   ; L  36   ;","A1262   ; A 491   ; A 496   ; A 490   ; A 537   ;","none; none; none; none; none","1.39 A","./target.php?radio=27363721750056459|lrvk|1262:A or 491:A or 496:A or 490:A or 537:A|-0.8572,0.0902,0.5071,-31.216,0.2713,0.9159,0.2957,-57.687,-0.4378,0.3911,-0.8096,-84.078,0.0,0.0,0.0,1.0&db=afhuman&afid=P08519"
"Q96DT5","DYNEIN HEAVY CHAIN 11, AXONEMAL","Y; S; E; Y; Q;","A  35   ; A  94   ; H  95   ; L  55   ; L  89   ;","A 689   ; A 728   ; A 381   ; A 507   ; A 438   ;","none; none; none; none; none","1.40 A","./target.php?radio=27363721750056459|rxeo|689:A or 728:A or 381:A or 507:A or 438:A|0.6538,0.7563,0.0242,-32.404,0.7048,-0.5970,-0.3833,-80.867,-0.2754,0.2677,-0.9233,-71.972,0.0,0.0,0.0,1.0&db=afhuman&afid=Q96DT5"
"P08519","APOLIPOPROTEIN(A)","Y; S; G; Y; Y;","A  35   ; H  94   ; H  97   ; H 102   ; L  91   ;","A1225   ; A 667   ; A 672   ; A 666   ; A 715   ;","none; none; none; none; none","1.40 A","./target.php?radio=27363721750056459|gegz|1225:A or 667:A or 672:A or 666:A or 715:A|0.8377,0.4901,0.2410,-53.315,0.4101,-0.8558,0.3153,-66.058,0.3608,-0.1653,-0.9179,-71.536,0.0,0.0,0.0,1.0&db=afhuman&afid=P08519"
"P39086","GLUTAMATE RECEPTOR IONOTROPIC, KAINATE 1","S; E; Y; Y; Y;","A  94   ; H  95   ; L  49   ; L  55   ; L  91   ;","A 335   ; A 753   ; A 459   ; A 779   ; A 504   ;","none; none; none; none; none","1.40 A","./target.php?radio=27363721750056459|klcr|335:A or 753:A or 459:A or 779:A or 504:A|0.5805,0.3057,0.7547,-33.599,0.5186,-0.8533,-0.0532,-68.742,0.6277,0.4223,-0.6539,-70.458,0.0,0.0,0.0,1.0&db=afhuman&afid=P39086"
"P98164","LOW-DENSITY LIPOPROTEIN RECEPTOR-RELATED PROTEIN 2","Y; Y; S; Y; Y;","A  35   ; H  35   ; H  94   ; H 102   ; L  55   ;","A 260   ; A 919   ; A 899   ; A 889   ; A 902   ;","none; none; none; none; none","1.41 A","./target.php?radio=27363721750056459|buvg|260:A or 919:A or 899:A or 889:A or 902:A|0.5432,0.2449,0.8031,-19.144,-0.4893,0.8697,0.0657,-67.205,-0.6824,-0.4286,0.5922,-67.594,0.0,0.0,0.0,1.0&db=afhuman&afid=P98164"
"P08519","APOLIPOPROTEIN(A)","Y; S; G; Y; Y;","A  35   ; H  94   ; H  97   ; H 102   ; L  36   ;","A  68   ; A1323   ; A1328   ; A1322   ; A1369   ;","none; none; none; none; none","1.41 A","./target.php?radio=27363721750056459|igjn|68:A or 1323:A or 1328:A or 1322:A or 1369:A|-0.3116,-0.9139,0.2602,-45.547,-0.2873,0.3516,0.8910,-43.362,-0.9057,0.2029,-0.3721,-63.553,0.0,0.0,0.0,1.0&db=afhuman&afid=P08519"
"P08519","APOLIPOPROTEIN(A)","S; S; G; Y; Y;","A  94   ; H  94   ; H  97   ; H 102   ; L  91   ;","A 448   ; A1295   ; A1300   ; A1294   ; A1343   ;","none; none; none; none; none","1.41 A","./target.php?radio=27363721750056459|wdfl|448:A or 1295:A or 1300:A or 1294:A or 1343:A|-0.6303,0.6959,0.3442,-48.439,-0.7301,-0.3807,-0.5675,-81.869,-0.2639,-0.6090,0.7480,-48.062,0.0,0.0,0.0,1.0&db=afhuman&afid=P08519"
"P08519","APOLIPOPROTEIN(A)","Y; S; G; Y; Y;","A  35   ; H  94   ; H  97   ; H 102   ; L  36   ;","A1349   ; A 297   ; A 302   ; A 296   ; A 343   ;","none; none; none; none; none","1.41 A","./target.php?radio=27363721750056459|igjn|1349:A or 297:A or 302:A or 296:A or 343:A|-0.1680,-0.9847,0.0464,-44.569,-0.2828,0.0030,-0.9592,-50.554,0.9443,-0.1743,-0.2790,-47.918,0.0,0.0,0.0,1.0&db=afhuman&afid=P08519"
"Q99973","TELOMERASE PROTEIN COMPONENT 1","S; E; G; Y; Y;","A  94   ; H  95   ; H  97   ; L  55   ; L  91   ;","A2129   ; A1006   ; A1001   ; A 998   ; A1063   ;","none; none; none; none; none","1.41 A","./target.php?radio=27363721750056459|jsdp|2129:A or 1006:A or 1001:A or 998:A or 1063:A|0.1622,-0.9563,0.2432,-31.424,-0.4855,-0.2919,-0.8240,-31.829,0.8590,0.0156,-0.5117,-62.361,0.0,0.0,0.0,1.0&db=afhuman&afid=Q99973"
"P08519","APOLIPOPROTEIN(A)","Y; S; G; Y; Y;","A  35   ; H  94   ; H  97   ; H 102   ; L  91   ;","A1236   ; A 667   ; A 672   ; A 666   ; A 715   ;","none; none; none; none; none","1.41 A","./target.php?radio=27363721750056459|gegz|1236:A or 667:A or 672:A or 666:A or 715:A|0.8365,0.4745,0.2740,-53.722,0.3435,-0.8438,0.4123,-68.531,0.4268,-0.2508,-0.8689,-70.845,0.0,0.0,0.0,1.0&db=afhuman&afid=P08519"
"Q8WZ42","TITIN","Y; S; E; G; Y;","A  35   ; H  94   ; H  95   ; H  97   ; L  55   ;","A  85   ; A1042   ; A1040   ; A1066   ; A1069   ;","none; none; none; none; none","1.41 A","./target.php?radio=27363721750056459|yuhg|85:A or 1042:A or 1040:A or 1066:A or 1069:A|0.9259,0.0100,0.3776,-49.818,0.1489,-0.9284,-0.3405,-54.610,0.3472,0.3715,-0.8611,-98.318,0.0,0.0,0.0,1.0&db=afhuman&afid=Q8WZ42"
"Q7Z5N4","PROTEIN SIDEKICK-1","Y; S; E; Q; Y;","A  35   ; H  94   ; H  95   ; L  89   ; L  91   ;","A2038   ; A1337   ; A 466   ; A 457   ; A 421   ;","none; none; none; none; none","1.41 A","./target.php?radio=27363721750056459|mmsm|2038:A or 1337:A or 466:A or 457:A or 421:A|-0.2702,-0.8529,0.4467,-26.369,-0.9221,0.0957,-0.3751,-73.973,0.2771,-0.5132,-0.8123,-83.220,0.0,0.0,0.0,1.0&db=afhuman&afid=Q7Z5N4"
"Q86UF1","TETRASPANIN-33","Y; S; E; Y; Q;","A  35   ; H  94   ; H  95   ; L  36   ; L  89   ;","A 273   ; A 184   ; A 181   ; A 137   ; A 144   ;","none; none; none; none; none","1.41 A","./target.php?radio=27363721750056459|mdva|273:A or 184:A or 181:A or 137:A or 144:A|0.0503,-0.9528,-0.2995,-35.317,0.4623,-0.2436,0.8526,-64.291,-0.8853,-0.1814,0.4282,-68.209,0.0,0.0,0.0,1.0&db=afhuman&afid=Q86UF1"
"Q9H649","TRNA (CYTOSINE(34)-C(5))-METHYLTRANSFERASE, MITOCHO","S; G; Y; Y; Q;","H  94   ; H  97   ; L  36   ; L  55   ; L  89   ;","A 277   ; A 308   ; A 262   ; A 327   ; A 243   ;","none; none; none; none; none","1.41 A","./target.php?radio=27363721750056459|nexu|277:A or 308:A or 262:A or 327:A or 243:A|0.4474,-0.8665,0.2213,-26.113,-0.7370,-0.2170,0.6402,-76.582,-0.5067,-0.4495,-0.7357,-78.823,0.0,0.0,0.0,1.0&db=afhuman&afid=Q9H649"
"Q96A57","TRANSMEMBRANE PROTEIN 230","S; G; Y; Y; Y;","H  94   ; H  97   ; H 102   ; L  36   ; L  49   ;","A 111   ; A 106   ; A 112   ; A  95   ; A 102   ;","none; none; none; none; none","1.41 A","./target.php?radio=27363721750056459|ntfr|111:A or 106:A or 112:A or 95:A or 102:A|-0.8922,0.4325,0.1302,-26.652,-0.3872,-0.5838,-0.7137,-71.244,-0.2327,-0.6871,0.6883,-84.525,0.0,0.0,0.0,1.0&db=afhuman&afid=Q96A57"
"Q14416","METABOTROPIC GLUTAMATE RECEPTOR 2","S; E; G; Y; Y;","H  94   ; H  95   ; H  97   ; L  49   ; L  55   ;","A 302   ; A 301   ; A 306   ; A 466   ; A 458   ;","none; none; none; none; none","1.42 A","./target.php?radio=27363721750056459|kkrd|302:A or 301:A or 306:A or 466:A or 458:A|-0.5418,-0.1365,0.8294,-15.414,-0.2960,0.9545,-0.0362,-60.204,-0.7867,-0.2651,-0.5575,-88.725,0.0,0.0,0.0,1.0&db=afhuman&afid=Q14416"
"Q9UPI3","FELINE LEUKEMIA VIRUS SUBGROUP C RECEPTOR-RELATED P","Y; S; G; Y; Y;","H  35   ; H  94   ; H  97   ; L  55   ; L  91   ;","A 317   ; A 439   ; A 196   ; A 134   ; A 325   ;","none; none; none; none; none","1.42 A","./target.php?radio=27363721750056459|gskh|317:A or 439:A or 196:A or 134:A or 325:A|-0.4970,-0.5647,-0.6589,-40.034,-0.7940,0.6023,0.0827,-92.133,0.3501,0.5642,-0.7477,-91.029,0.0,0.0,0.0,1.0&db=afhuman&afid=Q9UPI3"
"Q2NKX8","DNA EXCISION REPAIR PROTEIN ERCC-6-LIKE","S; E; G; Y; Q;","A  94   ; H  95   ; H  97   ; H 102   ; L  89   ;","A1158   ; A 591   ; A 588   ; A 381   ; A 484   ;","none; none; none; none; none","1.42 A","./target.php?radio=27363721750056459|ezwl|1158:A or 591:A or 588:A or 381:A or 484:A|-0.3835,0.9109,-0.1523,-42.939,-0.5111,-0.3467,-0.7865,-91.121,-0.7692,-0.2238,0.5986,-75.370,0.0,0.0,0.0,1.0&db=afhuman&afid=Q2NKX8"
"P37288","VASOPRESSIN V1A RECEPTOR","Y; S; S; G; Q;","A  35   ; A  94   ; H  94   ; H  97   ; L  89   ;","A 388   ; A 389   ; A 213   ; A   6   ; A 185   ;","none; none; none; none; none","1.42 A","./target.php?radio=27363721750056459|tuob|388:A or 389:A or 213:A or 6:A or 185:A|0.9681,0.0879,0.2346,-33.315,-0.2334,0.6568,0.7171,-67.746,-0.0910,-0.7490,0.6563,-73.562,0.0,0.0,0.0,1.0&db=afhuman&afid=P37288"
"Q13286","BATTENIN","Y; G; Y; Q; Y;","H  35   ; H  97   ; L  49   ; L  89   ; L  91   ;","A 326   ; A 187   ; A 389   ; A 352   ; A 292   ;","none; none; none; none; none","1.42 A","./target.php?radio=27363721750056459|ajtr|326:A or 187:A or 389:A or 352:A or 292:A|-0.8115,-0.3254,0.4854,-38.947,-0.2435,-0.5669,-0.7870,-87.714,0.5312,-0.7568,0.3808,-87.523,0.0,0.0,0.0,1.0&db=afhuman&afid=Q13286"
"Q9NSI6","BROMODOMAIN AND WD REPEAT-CONTAINING PROTEIN 1","S; Y; G; Y; Y;","A  94   ; H  35   ; H  97   ; L  49   ; L  55   ;","A2047   ; A1219   ; A1009   ; A1231   ; A1012   ;","none; none; none; none; none","1.42 A","./target.php?radio=27363721750056459|ddqk|2047:A or 1219:A or 1009:A or 1231:A or 1012:A|0.1459,-0.9885,-0.0397,-15.698,0.5600,0.1156,-0.8204,-66.421,0.8156,0.0975,0.5704,-86.708,0.0,0.0,0.0,1.0&db=afhuman&afid=Q9NSI6"
"P08519","APOLIPOPROTEIN(A)","Y; S; G; Y; Y;","A  35   ; H  94   ; H  97   ; H 102   ; L  91   ;","A1060   ; A 719   ; A 724   ; A 718   ; A 767   ;","none; none; none; none; none","1.42 A","./target.php?radio=27363721750056459|lrvk|1060:A or 719:A or 724:A or 718:A or 767:A|0.8916,-0.2092,0.4016,-50.459,0.2439,-0.5254,-0.8152,-51.482,0.3815,0.8247,-0.4174,-54.543,0.0,0.0,0.0,1.0&db=afhuman&afid=P08519"
"O94827","PLECKSTRIN HOMOLOGY DOMAIN-CONTAINING FAMILY G MEMB","S; E; G; Y; Y;","A  94   ; H  95   ; H  97   ; H 102   ; L  91   ;","A 772   ; A 447   ; A 451   ; A 448   ; A   3   ;","none; none; none; none; none","1.43 A","./target.php?radio=27363721750056459|zxdr|772:A or 447:A or 451:A or 448:A or 3:A|0.4123,-0.0570,-0.9093,-31.416,0.3574,0.9281,0.1039,-74.073,0.8380,-0.3678,0.4030,-75.331,0.0,0.0,0.0,1.0&db=afhuman&afid=O94827"
"Q99102","MUCIN-4","S; Y; S; G; Y;","A  94   ; H  35   ; H  94   ; H  97   ; L  36   ;","A 481   ; A1433   ; A1337   ; A1375   ; A1380   ;","none; none; none; none; none","1.43 A","./target.php?radio=27363721750056459|uula|481:A or 1433:A or 1337:A or 1375:A or 1380:A|0.9776,-0.1637,-0.1321,-18.770,-0.0068,0.6033,-0.7975,-61.479,0.2102,0.7805,0.5887,-102.235,0.0,0.0,0.0,1.0&db=afhuman&afid=Q99102"
"Q8WZ42","TITIN","S; S; G; Y; Y;","A  94   ; H  94   ; H  97   ; H 102   ; L  49   ;","A1236   ; A 534   ; A 582   ; A 578   ; A 589   ;","none; none; none; none; none","1.43 A","./target.php?radio=27363721750056459|nznf|1236:A or 534:A or 582:A or 578:A or 589:A|-0.6034,0.4832,0.6344,-38.932,0.5269,0.8387,-0.1377,-16.266,-0.5986,0.2512,-0.7606,-50.599,0.0,0.0,0.0,1.0&db=afhuman&afid=Q8WZ42"
"Q8WXH0","NESPRIN-2","Y; S; S; E; G;","A  35   ; A  94   ; H  94   ; H  95   ; H  97   ;","A 850   ; A 847   ; A 576   ; A 579   ; A 209   ;","none; none; none; none; none","1.43 A","./target.php?radio=27363721750056459|qagf|850:A or 847:A or 576:A or 579:A or 209:A|0.5088,0.4825,0.7130,-47.997,0.6563,-0.7534,0.0416,-82.016,0.5572,0.4468,-0.6999,-82.710,0.0,0.0,0.0,1.0&db=afhuman&afid=Q8WXH0"
"Q9NTN9","SEMAPHORIN-4G","S; Y; S; G; Y;","A  94   ; H  35   ; H  94   ; H  97   ; L  49   ;","A 752   ; A 633   ; A 645   ; A 628   ; A 610   ;","none; none; none; none; none","1.43 A","./target.php?radio=27363721750056459|xryj|752:A or 633:A or 645:A or 628:A or 610:A|-0.1250,0.6501,0.7495,-54.664,0.8441,-0.3273,0.4247,-58.949,0.5214,0.6857,-0.5079,-57.308,0.0,0.0,0.0,1.0&db=afhuman&afid=Q9NTN9"
"P08519","APOLIPOPROTEIN(A)","S; S; G; Y; Y;","A  94   ; H  94   ; H  97   ; H 102   ; L  36   ;","A1231   ; A 579   ; A 584   ; A 578   ; A 625   ;","none; none; none; none; none","1.44 A","./target.php?radio=27363721750056459|fbwv|1231:A or 579:A or 584:A or 578:A or 625:A|0.7259,0.0733,-0.6839,-56.729,0.3373,-0.9045,0.2611,-67.019,-0.5994,-0.4202,-0.6813,-67.775,0.0,0.0,0.0,1.0&db=afhuman&afid=P08519"
"Q9Y4F3","MEIOSIS REGULATOR AND MRNA STABILITY FACTOR 1","S; E; G; Y; Y;","A  94   ; H  95   ; H  97   ; L  36   ; L  55   ;","A 550   ; A1521   ; A1520   ; A1528   ; A1515   ;","none; none; none; none; none","1.44 A","./target.php?radio=27363721750056459|piaw|550:A or 1521:A or 1520:A or 1528:A or 1515:A|-0.1046,-0.4219,0.9006,-72.442,0.9425,-0.3311,-0.0457,-52.267,0.3174,0.8440,0.4323,-49.747,0.0,0.0,0.0,1.0&db=afhuman&afid=Q9Y4F3"
"Q8WWQ0","PH-INTERACTING PROTEIN","S; E; Y; Y; Q;","A  94   ; H  95   ; H 102   ; L  49   ; L  89   ;","A 123   ; A1012   ; A1011   ; A 984   ; A 922   ;","none; none; none; none; none","1.44 A","./target.php?radio=27363721750056459|fmfw|123:A or 1012:A or 1011:A or 984:A or 922:A|-0.3798,0.6545,-0.6537,-28.685,-0.7518,-0.6302,-0.1942,-71.764,-0.5391,0.4177,0.7314,-64.353,0.0,0.0,0.0,1.0&db=afhuman&afid=Q8WWQ0"
"O43847","NARDILYSIN","S; G; Y; Y; Q;","H  94   ; H  97   ; L  36   ; L  55   ; L  89   ;","A 128   ; A  99   ; A 564   ; A 113   ; A 558   ;","none; none; none; none; none","1.44 A","./target.php?radio=27363721750056459|cnkg|128:A or 99:A or 564:A or 113:A or 558:A|-0.1474,-0.9791,0.1404,-34.699,0.5065,-0.1967,-0.8395,-66.858,0.8495,-0.0527,0.5249,-69.216,0.0,0.0,0.0,1.0&db=afhuman&afid=O43847"
"Q70CQ2","UBIQUITIN CARBOXYL-TERMINAL HYDROLASE 34","S; S; E; Y; Y;","A  94   ; H  94   ; H  95   ; L  49   ; L  55   ;","A 236   ; A 740   ; A 737   ; A 724   ; A 725   ;","none; none; none; none; none","1.44 A","./target.php?radio=27363721750056459|acfs|236:A or 740:A or 737:A or 724:A or 725:A|-0.2891,-0.9482,-0.1316,-23.747,-0.8985,0.2214,0.3790,-64.680,-0.3303,0.2278,-0.9160,-78.258,0.0,0.0,0.0,1.0&db=afhuman&afid=Q70CQ2"
"Q8N2K0","LYSOPHOSPHATIDYLSERINE LIPASE ABHD12","E; G; Y; Y; Y;","H  95   ; H  97   ; H 102   ; L  49   ; L  55   ;","A 188   ; A 183   ; A 190   ; A 374   ; A 376   ;","none; none; none; none; none","1.44 A","./target.php?radio=27363721750056459|mwsz|188:A or 183:A or 190:A or 374:A or 376:A|0.1223,0.8081,-0.5762,-23.826,-0.8375,0.3955,0.3769,-79.255,0.5325,0.4365,0.7252,-94.486,0.0,0.0,0.0,1.0&db=afhuman&afid=Q8N2K0"
"Q9BXC1","PROBABLE G-PROTEIN COUPLED RECEPTOR 174","S; Y; Y; Y; Q;","H  94   ; L  36   ; L  49   ; L  55   ; L  89   ;","A 275   ; A  26   ; A  78   ; A  79   ; A  68   ;","none; none; none; none; none","1.44 A","./target.php?radio=27363721750056459|swkr|275:A or 26:A or 78:A or 79:A or 68:A|0.5916,-0.7112,-0.3797,-45.238,0.2241,-0.3073,0.9248,-76.120,-0.7745,-0.6322,-0.0224,-83.799,0.0,0.0,0.0,1.0&db=afhuman&afid=Q9BXC1"
"Q70CQ2","UBIQUITIN CARBOXYL-TERMINAL HYDROLASE 34","S; S; E; Y; Y;","A  94   ; H  94   ; H  95   ; L  49   ; L  55   ;","A 237   ; A 740   ; A 737   ; A 724   ; A 725   ;","none; none; none; none; none","1.44 A","./target.php?radio=27363721750056459|acfs|237:A or 740:A or 737:A or 724:A or 725:A|-0.3236,-0.9332,-0.1563,-22.816,-0.8908,0.2448,0.3827,-64.891,-0.3189,0.2631,-0.9105,-78.509,0.0,0.0,0.0,1.0&db=afhuman&afid=Q70CQ2"
"Q6UXB8","PEPTIDASE INHIBITOR 16","S; S; G; Y; Y;","A  94   ; H  94   ; H  97   ; L  36   ; L  55   ;","A 296   ; A 116   ; A 180   ; A 129   ; A 177   ;","none; none; none; none; none","1.45 A","./target.php?radio=27363721750056459|owoo|296:A or 116:A or 180:A or 129:A or 177:A|0.4053,-0.8722,0.2739,-20.766,0.3031,0.4109,0.8598,-70.094,-0.8625,-0.2654,0.4309,-83.410,0.0,0.0,0.0,1.0&db=afhuman&afid=Q6UXB8"
"P98088","MUCIN-5AC","S; E; G; Y; Y;","A  94   ; H  95   ; H  97   ; H 102   ; L  55   ;","A 922   ; A 204   ; A 202   ; A 207   ; A   1   ;","none; none; none; none; none","1.45 A","./target.php?radio=27363721750056459|avcj|922:A or 204:A or 202:A or 207:A or 1:A|0.8261,0.0173,-0.5633,-29.188,0.3685,-0.7728,0.5168,-74.698,-0.4264,-0.6345,-0.6447,-80.710,0.0,0.0,0.0,1.0&db=afhuman&afid=P98088"
"P49326","FLAVIN-CONTAINING MONOOXYGENASE 5","S; E; G; Y; Y;","H  94   ; H  95   ; H  97   ; L  49   ; L  55   ;","A 205   ; A 203   ; A 198   ; A  56   ; A 177   ;","none; none; none; none; none","1.45 A","./target.php?radio=27363721750056459|zpnv|205:A or 203:A or 198:A or 56:A or 177:A|0.1913,0.6729,0.7146,-23.322,0.4939,0.5631,-0.6625,-96.109,-0.8482,0.4797,-0.2246,-101.559,0.0,0.0,0.0,1.0&db=afhuman&afid=P49326"
"Q8NDA2","HEMICENTIN-2","Y; S; Y; Q; Y;","H  35   ; H  94   ; H 102   ; L  89   ; L  91   ;","A 442   ; A 428   ; A 393   ; A 966   ; A 379   ;","none; none; none; none; none","1.45 A","./target.php?radio=27363721750056459|uihx|442:A or 428:A or 393:A or 966:A or 379:A|0.5272,-0.6972,0.4857,-14.803,-0.3455,-0.6981,-0.6271,-95.653,0.7763,0.1628,-0.6090,-54.680,0.0,0.0,0.0,1.0&db=afhuman&afid=Q8NDA2"
"Q8IUR5","PROTEIN O-MANNOSYL-TRANSFERASE TMTC1","Y; S; S; G; Y;","A  35   ; A  94   ; H  94   ; H  97   ; L  36   ;","A 673   ; A 687   ; A 198   ; A 194   ; A 183   ;","none; none; none; none; none","1.46 A","./target.php?radio=27363721750056459|rbao|673:A or 687:A or 198:A or 194:A or 183:A|0.3577,0.8680,0.3445,-23.741,0.9271,-0.3742,-0.0196,-64.117,0.1119,0.3264,-0.9386,-41.558,0.0,0.0,0.0,1.0&db=afhuman&afid=Q8IUR5"
"Q9NSI6","BROMODOMAIN AND WD REPEAT-CONTAINING PROTEIN 1","S; Y; G; Y; Y;","A  94   ; H  35   ; H  97   ; L  49   ; L  55   ;","A2046   ; A1219   ; A1009   ; A1231   ; A1012   ;","none; none; none; none; none","1.46 A","./target.php?radio=27363721750056459|ddqk|2046:A or 1219:A or 1009:A or 1231:A or 1012:A|0.1217,-0.9913,-0.0498,-15.974,0.5356,0.1079,-0.8376,-66.625,0.8357,0.0752,0.5440,-85.996,0.0,0.0,0.0,1.0&db=afhuman&afid=Q9NSI6"
"P41252","ISOLEUCINE--TRNA LIGASE, CYTOPLASMIC","G; Y; Y; Q; Y;","H  97   ; H 102   ; L  49   ; L  89   ; L  91   ;","A 531   ; A 535   ; A 148   ; A 154   ; A 152   ;","none; none; none; none; none","1.46 A","./target.php?radio=27363721750056459|tnds|531:A or 535:A or 148:A or 154:A or 152:A|-0.7862,0.4782,0.3915,-18.932,-0.5020,-0.1245,-0.8559,-92.755,-0.3605,-0.8694,0.3379,-96.612,0.0,0.0,0.0,1.0&db=afhuman&afid=P41252"
"P01266","THYROGLOBULIN","S; Y; S; G; Q;","A  94   ; H  35   ; H  94   ; H  97   ; L  89   ;","A1019   ; A 116   ; A 115   ; A 107   ; A 119   ;","none; none; none; none; none","1.46 A","./target.php?radio=27363721750056459|fijb|1019:A or 116:A or 115:A or 107:A or 119:A|0.2950,0.3389,-0.8934,-40.055,0.9554,-0.0892,0.2817,-69.565,0.0158,-0.9366,-0.3500,-60.326,0.0,0.0,0.0,1.0&db=afhuman&afid=P01266"
"P29350","TYROSINE-PROTEIN PHOSPHATASE NON-RECEPTOR TYPE 6","S; E; Y; Y; Q;","H  94   ; H  95   ; H 102   ; L  36   ; L  89   ;","A 107   ; A 108   ; A 111   ; A 214   ; A 234   ;","none; none; none; none; none","1.46 A","./target.php?radio=27363721750056459|ucfd|107:A or 108:A or 111:A or 214:A or 234:A|-0.3027,0.7957,0.5246,-40.010,0.8776,0.4473,-0.1722,-51.290,-0.3716,0.4083,-0.8338,-97.209,0.0,0.0,0.0,1.0&db=afhuman&afid=P29350"
"Q9NYQ8","PROTOCADHERIN FAT 2","Y; S; S; Y; Q;","A  35   ; A  94   ; H  94   ; L  55   ; L  89   ;","A   3   ; A   2   ; A 197   ; A 205   ; A 172   ;","none; none; none; none; none","1.47 A","./target.php?radio=27363721750056459|lsbg|3:A or 2:A or 197:A or 205:A or 172:A|0.4921,0.8480,-0.1971,15.881,0.4361,-0.0442,0.8988,-100.187,0.7535,-0.5282,-0.3915,-37.542,0.0,0.0,0.0,1.0&db=afhuman&afid=Q9NYQ8"
"Q7L5Y6","DET1 HOMOLOG","S; E; G; Y; Q;","H  94   ; H  95   ; H  97   ; L  49   ; L  89   ;","A 177   ; A 178   ; A 257   ; A 346   ; A 328   ;","none; none; none; none; none","1.47 A","./target.php?radio=27363721750056459|vesf|177:A or 178:A or 257:A or 346:A or 328:A|-0.7358,0.0248,0.6767,-11.745,-0.4598,-0.7520,-0.4723,-83.642,0.4972,-0.6587,0.5648,-85.842,0.0,0.0,0.0,1.0&db=afhuman&afid=Q7L5Y6"
"Q9UFN0","PROTEIN NIPSNAP HOMOLOG 3A","S; E; Y; Y; Q;","H  94   ; H  95   ; H 102   ; L  55   ; L  89   ;","A 126   ; A 125   ; A  42   ; A  43   ; A 234   ;","none; none; none; none; none","1.47 A","./target.php?radio=27363721750056459|yliv|126:A or 125:A or 42:A or 43:A or 234:A|0.0773,0.2482,0.9656,-37.136,0.3576,-0.9110,0.2055,-63.533,0.9307,0.3294,-0.1591,-87.760,0.0,0.0,0.0,1.0&db=afhuman&afid=Q9UFN0"
"Q8TDG4","HELICASE POLQ-LIKE","Y; S; E; G; Y;","H  35   ; H  94   ; H  95   ; H  97   ; L  49   ;","A 527   ; A 719   ; A 718   ; A 709   ; A 578   ;","none; none; none; none; none","1.47 A","./target.php?radio=27363721750056459|bcbr|527:A or 719:A or 718:A or 709:A or 578:A|-0.5505,0.8302,0.0881,-20.711,0.2430,0.0584,0.9683,-66.203,0.7987,0.5544,-0.2339,-115.019,0.0,0.0,0.0,1.0&db=afhuman&afid=Q8TDG4"
"Q5VST9","OBSCURIN","S; S; G; Y; Q;","A  94   ; H  94   ; H  97   ; H 102   ; L  89   ;","A1050   ; A1247   ; A1261   ; A1246   ; A1222   ;","none; none; none; none; none","1.47 A","./target.php?radio=27363721750056459|kzkt|1050:A or 1247:A or 1261:A or 1246:A or 1222:A|-0.3277,0.5789,0.7467,15.423,0.9249,0.3579,0.1285,-66.556,-0.1929,0.7327,-0.6527,-74.763,0.0,0.0,0.0,1.0&db=afhuman&afid=Q5VST9"
"Q70CQ2","UBIQUITIN CARBOXYL-TERMINAL HYDROLASE 34","S; E; Y; Y; Q;","A  94   ; H  95   ; H 102   ; L  36   ; L  89   ;","A 696   ; A1246   ; A1245   ; A1184   ; A1188   ;","none; none; none; none; none","1.47 A","./target.php?radio=27363721750056459|ytcy|696:A or 1246:A or 1245:A or 1184:A or 1188:A|0.9144,-0.2935,-0.2789,11.525,-0.1303,0.4389,-0.8891,-49.311,0.3833,0.8493,0.3631,-48.519,0.0,0.0,0.0,1.0&db=afhuman&afid=Q70CQ2"
"O75445","USHERIN","S; E; G; Y; Y;","A  94   ; H  95   ; H  97   ; L  49   ; L  91   ;","A1364   ; A 897   ; A 865   ; A 896   ; A 898   ;","none; none; none; none; none","1.47 A","./target.php?radio=27363721750056459|umlf|1364:A or 897:A or 865:A or 896:A or 898:A|0.6874,0.4833,-0.5422,2.482,0.4081,-0.8745,-0.2621,-49.296,-0.6008,-0.0411,-0.7983,-83.110,0.0,0.0,0.0,1.0&db=afhuman&afid=O75445"
"Q9NYQ8","PROTOCADHERIN FAT 2","Y; S; S; Y; Q;","A  35   ; A  94   ; H  94   ; L  55   ; L  89   ;","A 803   ; A 802   ; A 997   ; A1005   ; A 972   ;","none; none; none; none; none","1.48 A","./target.php?radio=27363721750056459|tzjk|803:A or 802:A or 997:A or 1005:A or 972:A|0.9061,-0.2257,-0.3578,41.152,-0.1199,-0.9481,0.2944,-99.025,-0.4057,-0.2239,-0.8861,-30.046,0.0,0.0,0.0,1.0&db=afhuman&afid=Q9NYQ8"
"P42336","PHOSPHATIDYLINOSITOL 4,5-BISPHOSPHATE 3-KINASE CATA","S; G; Y; Q; Y;","H  94   ; H  97   ; L  36   ; L  89   ; L  91   ;","A 753   ; A 762   ; A 698   ; A 661   ; A 167   ;","none; none; none; none; none","1.48 A","./target.php?radio=27363721750056459|kxlx|753:A or 762:A or 698:A or 661:A or 167:A|0.5430,0.6224,0.5636,-42.703,0.8360,-0.3375,-0.4327,-58.572,-0.0791,0.7062,-0.7036,-93.063,0.0,0.0,0.0,1.0&db=afhuman&afid=P42336"
"Q8IZY2","PHOSPHOLIPID-TRANSPORTING ATPASE ABCA7","S; G; Y; Q; Y;","H  94   ; H  97   ; L  36   ; L  89   ; L  91   ;","A 690   ; A 700   ; A 744   ; A 642   ; A 664   ;","none; none; none; none; none","1.48 A","./target.php?radio=27363721750056459|yndd|690:A or 700:A or 744:A or 642:A or 664:A|0.7023,-0.3415,0.6246,-40.667,0.0253,0.8889,0.4575,-89.529,-0.7115,-0.3054,0.6329,-84.716,0.0,0.0,0.0,1.0&db=afhuman&afid=Q8IZY2"
"Q6ZMP0","THROMBOSPONDIN TYPE-1 DOMAIN-CONTAINING PROTEIN 4","S; E; G; Y; Y;","A  94   ; H  95   ; H  97   ; L  36   ; L  91   ;","A 896   ; A 444   ; A 520   ; A 484   ; A 451   ;","none; none; none; none; none","1.48 A","./target.php?radio=27363721750056459|ztdu|896:A or 444:A or 520:A or 484:A or 451:A|-0.1785,0.2678,0.9468,-41.456,-0.2329,0.9234,-0.3051,-57.400,-0.9560,-0.2750,-0.1024,-86.550,0.0,0.0,0.0,1.0&db=afhuman&afid=Q6ZMP0"
"Q9UKN7","UNCONVENTIONAL MYOSIN-XV","Y; S; Y; G; Y;","A  35   ; A  94   ; H  35   ; H  97   ; L  91   ;","A1372   ; A1374   ; A  13   ; A  86   ; A   9   ;","none; none; none; none; none","1.48 A","./target.php?radio=27363721750056459|yqyu|1372:A or 1374:A or 13:A or 86:A or 9:A|-0.8379,-0.2260,-0.4969,-46.063,-0.0450,0.9358,-0.3497,-76.992,0.5440,-0.2707,-0.7942,-44.845,0.0,0.0,0.0,1.0&db=afhuman&afid=Q9UKN7"
"Q6XPR3","REPETIN","S; Y; S; G; Q;","A  94   ; H  35   ; H  94   ; H  97   ; L  89   ;","A 684   ; A 497   ; A 520   ; A 542   ; A 447   ;","none; none; none; none; none","1.48 A","./target.php?radio=27363721750056459|kgks|684:A or 497:A or 520:A or 542:A or 447:A|0.6164,0.0603,-0.7851,-12.947,0.7201,0.3602,0.5931,-55.114,0.3185,-0.9309,0.1785,-67.310,0.0,0.0,0.0,1.0&db=afhuman&afid=Q6XPR3"
"Q7Z5N4","PROTEIN SIDEKICK-1","Y; S; Y; Q; Y;","A  35   ; H  94   ; H 102   ; L  89   ; L  91   ;","A2038   ; A1337   ; A1312   ; A 457   ; A 421   ;","none; none; none; none; none","1.48 A","./target.php?radio=27363721750056459|mmsm|2038:A or 1337:A or 1312:A or 457:A or 421:A|-0.2490,-0.8645,0.4365,-26.903,-0.9247,0.0781,-0.3727,-74.391,0.2881,-0.4964,-0.8189,-83.843,0.0,0.0,0.0,1.0&db=afhuman&afid=Q7Z5N4"
"O75592","E3 UBIQUITIN-PROTEIN LIGASE MYCBP2","Y; Y; S; G; Y;","A  35   ; H  35   ; H  94   ; H  97   ; L  36   ;","A1279   ; A 446   ; A 541   ; A 441   ; A 507   ;","none; none; none; none; none","1.48 A","./target.php?radio=27363721750056459|gafu|1279:A or 446:A or 541:A or 441:A or 507:A|0.7488,0.3878,0.5375,-36.809,-0.5270,0.8402,0.1280,-62.389,-0.4019,-0.3791,0.8335,-44.941,0.0,0.0,0.0,1.0&db=afhuman&afid=O75592"
"O00451","GDNF FAMILY RECEPTOR ALPHA-2","G; Y; Y; Y; Y;","H  97   ; H 102   ; L  36   ; L  55   ; L  91   ;","A 299   ; A 217   ; A 309   ; A 297   ; A 243   ;","none; none; none; none; none","1.49 A","./target.php?radio=27363721750056459|rjmp|299:A or 217:A or 309:A or 297:A or 243:A|-0.9023,-0.3629,-0.2328,-35.239,0.0239,0.4971,-0.8674,-86.894,0.4305,-0.7882,-0.4398,-94.012,0.0,0.0,0.0,1.0&db=afhuman&afid=O00451"
