"Matches found in filtered_9axo(AlphaFold)","Description","Residues","Query","Database Hits","Heteroatoms Notes in Database hit","RMSD","Viewer"
"Q6UXX5","INTER-ALPHA-TRYPSIN INHIBITOR HEAVY CHAIN H6","E; Y; Y; Q;","H  95   ; L  36   ; L  55   ; L  89   ;","A 598   ; A 267   ; A 599   ; A 508   ;","none; none; none; none","0.92 A","./target.php?radio=27363721750056077|kill|598:A or 267:A or 599:A or 508:A|-0.3098,0.2912,-0.9051,-44.423,-0.9040,0.2050,0.3753,-26.685,0.2948,0.9345,0.1997,-9.569,0.0,0.0,0.0,1.0&db=afhuman&afid=Q6UXX5"
"Q92859","NEOGENIN","N; Y; Y; Q;","H  35   ; L  36   ; L  55   ; L  89   ;","A 798   ; A 775   ; A 794   ; A 783   ;","none; none; none; none","0.98 A","./target.php?radio=27363721750056077|tnap|798:A or 775:A or 794:A or 783:A|0.3989,0.8172,0.4159,-1.710,0.7566,-0.5496,0.3543,-20.001,0.5181,0.1733,-0.8376,7.301,0.0,0.0,0.0,1.0&db=afhuman&afid=Q92859"
"Q86YG4","5'-NUCLEOTIDASE DOMAIN-CONTAINING PROTEIN 4","N; E; Y; Q;","H  35   ; H  95   ; L  55   ; L  89   ;","A 176   ; A 131   ; A 135   ; A 169   ;","none; none; none; none","1.04 A","./target.php?radio=27363721750056077|seou|176:A or 131:A or 135:A or 169:A|-0.1530,0.9882,-0.0042,-36.568,-0.9864,-0.1530,-0.0606,6.502,-0.0605,-0.0052,0.9982,7.197,0.0,0.0,0.0,1.0&db=afhuman&afid=Q86YG4"
"Q8WWQ8","STABILIN-2","N; E; Y; Q;","H  35   ; H  95   ; L  55   ; L  89   ;","A 882   ; A 910   ; A 930   ; A 614   ;","none; none; none; none","1.05 A","./target.php?radio=27363721750056077|jqfs|882:A or 910:A or 930:A or 614:A|-0.3473,-0.6333,0.6916,-30.550,-0.8812,0.4726,-0.0099,14.944,-0.3206,-0.6129,-0.7222,-13.718,0.0,0.0,0.0,1.0&db=afhuman&afid=Q8WWQ8"
"Q12834","CELL DIVISION CYCLE PROTEIN 20 HOMOLOG","N; E; Y; Q;","H  35   ; H  95   ; L  36   ; L  89   ;","A 204   ; A 180   ; A 207   ; A 218   ;","none; none; none; none","1.07 A","./target.php?radio=27363721750056077|fhzt|204:A or 180:A or 207:A or 218:A|-0.6170,0.3333,0.7129,-34.306,-0.3715,0.6752,-0.6372,11.623,-0.6937,-0.6580,-0.2928,-20.922,0.0,0.0,0.0,1.0&db=afhuman&afid=Q12834"
"Q8TF76","SERINE/THREONINE-PROTEIN KINASE HASPIN","N; E; Y; Q;","H  35   ; H  95   ; L  36   ; L  89   ;","A 654   ; A 613   ; A 747   ; A 718   ;","none; none; none; none","1.10 A","./target.php?radio=27363721750056077|huhr|654:A or 613:A or 747:A or 718:A|-0.0801,-0.5557,-0.8275,-25.000,-0.4321,0.7675,-0.4736,8.560,0.8982,0.3196,-0.3017,3.239,0.0,0.0,0.0,1.0&db=afhuman&afid=Q8TF76"
"Q01082","SPECTRIN BETA CHAIN, NON-ERYTHROCYTIC 1","N; E; Y; Y;","H  35   ; H  95   ; L  36   ; L  55   ;","A2230   ; A2201   ; A2237   ; A2226   ;","none; none; none; none","1.11 A","./target.php?radio=27363721750056077|ttmx|2230:A or 2201:A or 2237:A or 2226:A|0.8382,-0.4963,0.2259,-81.617,-0.5247,-0.6212,0.5821,15.093,-0.1485,-0.6065,-0.7811,9.246,0.0,0.0,0.0,1.0&db=afhuman&afid=Q01082"
"Q6UXN2","TREM-LIKE TRANSCRIPT 4 PROTEIN","N; Y; Y; Q;","H  35   ; L  36   ; L  55   ; L  89   ;","A 102   ; A 107   ; A  81   ; A  56   ;","none; none; none; none","1.19 A","./target.php?radio=27363721750056077|qajz|102:A or 107:A or 81:A or 56:A|0.5757,-0.6315,0.5193,-23.241,-0.5384,0.1852,0.8221,-5.507,-0.6154,-0.7529,-0.2334,-11.972,0.0,0.0,0.0,1.0&db=afhuman&afid=Q6UXN2"
"O95260","ARGINYL-TRNA--PROTEIN TRANSFERASE 1","N; Y; Y; Q;","H  35   ; L  36   ; L  55   ; L  89   ;","A 305   ; A 295   ; A 367   ; A 314   ;","none; none; none; none","1.21 A","./target.php?radio=27363721750056077|tnrz|305:A or 295:A or 367:A or 314:A|-0.2102,-0.3914,-0.8959,-34.904,-0.9711,0.1897,0.1450,-10.290,0.1132,0.9005,-0.4200,-1.909,0.0,0.0,0.0,1.0&db=afhuman&afid=O95260"
"O00562","MEMBRANE-ASSOCIATED PHOSPHATIDYLINOSITOL TRANSFER P","N; E; Y; Q;","H  35   ; H  95   ; L  55   ; L  89   ;","A  45   ; A  86   ; A  63   ; A  26   ;","none; none; none; none","1.22 A","./target.php?radio=27363721750056077|kpjm|45:A or 86:A or 63:A or 26:A|0.9174,-0.0087,-0.3979,-58.932,-0.3320,-0.5681,-0.7530,-27.368,-0.2195,0.8229,-0.5241,-10.198,0.0,0.0,0.0,1.0&db=afhuman&afid=O00562"
"Q9UJ41","RAB5 GDP/GTP EXCHANGE FACTOR","N; E; Y; Q;","H  35   ; H  95   ; L  55   ; L  89   ;","A 258   ; A 259   ; A 321   ; A 251   ;","none; none; none; none","1.23 A","./target.php?radio=27363721750056077|yuln|258:A or 259:A or 321:A or 251:A|-0.9915,0.1039,-0.0776,-46.259,0.0187,-0.4773,-0.8785,-5.381,-0.1284,-0.8726,0.4714,-14.008,0.0,0.0,0.0,1.0&db=afhuman&afid=Q9UJ41"
"A8MYU2","POTASSIUM CHANNEL SUBFAMILY U MEMBER 1","N; E; Y; Q;","H  35   ; H  95   ; L  55   ; L  89   ;","A 733   ; A 763   ; A 759   ; A 451   ;","none; none; none; none","1.25 A","./target.php?radio=27363721750056077|gglk|733:A or 763:A or 759:A or 451:A|0.3458,0.8196,-0.4568,-9.609,-0.8583,0.4730,0.1989,0.404,0.3791,0.3233,0.8670,-9.706,0.0,0.0,0.0,1.0&db=afhuman&afid=A8MYU2"
"P04839","CYTOCHROME B-245 HEAVY CHAIN","N; E; Y; Q;","H  35   ; H  95   ; L  55   ; L  89   ;","A 240   ; A 245   ; A 137   ; A 231   ;","none; none; none; none","1.26 A","./target.php?radio=27363721750056077|zfkl|240:A or 245:A or 137:A or 231:A|-0.8602,-0.2526,-0.4429,-7.466,0.5058,-0.3127,-0.8040,-39.248,0.0646,-0.9156,0.3968,9.352,0.0,0.0,0.0,1.0&db=afhuman&afid=P04839"
"Q9BZ72","MEMBRANE-ASSOCIATED PHOSPHATIDYLINOSITOL TRANSFER P","N; E; Y; Q;","H  35   ; H  95   ; L  55   ; L  89   ;","A  45   ; A  86   ; A  63   ; A  26   ;","none; none; none; none","1.26 A","./target.php?radio=27363721750056077|vghe|45:A or 86:A or 63:A or 26:A|0.9304,0.3158,-0.1861,-56.211,0.3431,-0.9290,0.1386,-7.393,-0.1291,-0.1928,-0.9727,-25.513,0.0,0.0,0.0,1.0&db=afhuman&afid=Q9BZ72"
"Q7Z6G8","ANKYRIN REPEAT AND STERILE ALPHA MOTIF DOMAIN-CONTA","N; E; Y; Q;","H  35   ; H  95   ; L  55   ; L  89   ;","A 158   ; A 127   ; A  93   ; A 137   ;","none; none; none; none","1.26 A","./target.php?radio=27363721750056077|atdh|158:A or 127:A or 93:A or 137:A|-0.2375,0.0582,0.9696,-26.755,-0.8070,0.5438,-0.2303,-13.145,-0.5407,-0.8372,-0.0822,-3.354,0.0,0.0,0.0,1.0&db=afhuman&afid=Q7Z6G8"
"O00533","NEURAL CELL ADHESION MOLECULE L1-LIKE PROTEIN","N; E; Y; Q;","H  35   ; H  95   ; L  55   ; L  89   ;","A 405   ; A 329   ; A 302   ; A 359   ;","none; none; none; none","1.28 A","./target.php?radio=27363721750056077|kxja|405:A or 329:A or 302:A or 359:A|0.3993,0.5147,-0.7587,-55.571,0.1649,0.7737,0.6117,2.440,0.9019,-0.3694,0.2241,15.206,0.0,0.0,0.0,1.0&db=afhuman&afid=O00533"
"Q6P2Q9","PRE-MRNA-PROCESSING-SPLICING FACTOR 8","N; E; Y; Y;","H  35   ; H  95   ; L  36   ; L  55   ;","A1026   ; A 787   ; A 909   ; A 783   ;","none; none; none; none","1.28 A","./target.php?radio=27363721750056077|frcn|1026:A or 787:A or 909:A or 783:A|-0.3965,0.6563,0.6419,-30.613,-0.9124,-0.3591,-0.1963,-25.124,0.1017,-0.6635,0.7412,-24.215,0.0,0.0,0.0,1.0&db=afhuman&afid=Q6P2Q9"
"O75051","PLEXIN-A2","N; E; Y; Y;","H  35   ; H  95   ; L  36   ; L  55   ;","A 269   ; A1295   ; A1497   ; A1483   ;","none; none; none; none","1.30 A","./target.php?radio=27363721750056077|dzpn|269:A or 1295:A or 1497:A or 1483:A|0.0665,0.6176,-0.7837,-37.809,0.9662,0.1561,0.2051,32.096,0.2490,-0.7709,-0.5863,14.519,0.0,0.0,0.0,1.0&db=afhuman&afid=O75051"
"Q9HD20","ENDOPLASMIC RETICULUM TRANSMEMBRANE HELIX TRANSLOCA","E; Y; Y; Q;","H  95   ; L  36   ; L  55   ; L  89   ;","A 465   ; A1073   ; A 461   ; A1077   ;","none; none; none; none","1.30 A","./target.php?radio=27363721750056077|hddt|465:A or 1073:A or 461:A or 1077:A|-0.2801,-0.8622,0.4221,-60.633,0.4896,0.2499,0.8354,-1.252,-0.8258,0.4406,0.3521,-46.352,0.0,0.0,0.0,1.0&db=afhuman&afid=Q9HD20"
"P42785","LYSOSOMAL PRO-X CARBOXYPEPTIDASE","E; Y; Y; Q;","H  95   ; L  36   ; L  55   ; L  89   ;","A 148   ; A 180   ; A 411   ; A 362   ;","none; none; none; none","1.31 A","./target.php?radio=27363721750056077|bkfs|148:A or 180:A or 411:A or 362:A|-0.0444,-0.1883,-0.9811,-24.251,-0.8906,-0.4375,0.1242,-4.039,-0.4526,0.8793,-0.1483,-19.130,0.0,0.0,0.0,1.0&db=afhuman&afid=P42785"
"Q96M96","FYVE, RHOGEF AND PH DOMAIN-CONTAINING PROTEIN 4","N; E; Y; Y;","H  35   ; H  95   ; L  36   ; L  55   ;","A 261   ; A 218   ; A 299   ; A 355   ;","none; none; none; none","1.31 A","./target.php?radio=27363721750056077|brdb|261:A or 218:A or 299:A or 355:A|0.5699,0.7365,-0.3644,-7.773,-0.5894,0.6754,0.4433,-21.834,0.5726,-0.0378,0.8190,-1.098,0.0,0.0,0.0,1.0&db=afhuman&afid=Q96M96"
"Q9Y4A5","TRANSFORMATION/TRANSCRIPTION DOMAIN-ASSOCIATED PROT","N; E; Y; Q;","H  35   ; H  95   ; L  36   ; L  89   ;","A 108   ; A 105   ; A  66   ; A  21   ;","none; none; none; none","1.33 A","./target.php?radio=27363721750056077|ecgg|108:A or 105:A or 66:A or 21:A|-0.1162,-0.3303,-0.9367,-34.416,-0.8598,0.5055,-0.0717,11.205,0.4972,0.7971,-0.3428,4.098,0.0,0.0,0.0,1.0&db=afhuman&afid=Q9Y4A5"
"Q9Y2L1","EXOSOME COMPLEX EXONUCLEASE RRP44","N; E; Y; Q;","H  35   ; H  95   ; L  55   ; L  89   ;","A 145   ; A 126   ; A 132   ; A 135   ;","none; none; none; none","1.33 A","./target.php?radio=27363721750056077|ffir|145:A or 126:A or 132:A or 135:A|-0.0031,-0.5057,-0.8627,-29.796,0.9600,-0.2430,0.1390,17.188,-0.2799,-0.8278,0.4862,35.127,0.0,0.0,0.0,1.0&db=afhuman&afid=Q9Y2L1"
"Q12791","CALCIUM-ACTIVATED POTASSIUM CHANNEL SUBUNIT ALPHA-1","N; E; Y; Q;","H  35   ; H  95   ; L  55   ; L  89   ;","A 859   ; A 889   ; A 885   ; A 527   ;","none; none; none; none","1.33 A","./target.php?radio=27363721750056077|gwzd|859:A or 889:A or 885:A or 527:A|-0.1646,-0.1142,-0.9797,-12.413,-0.7030,-0.6831,0.1977,3.434,-0.6919,0.7213,0.0322,-19.531,0.0,0.0,0.0,1.0&db=afhuman&afid=Q12791"
"Q8N4J0","CARNOSINE N-METHYLTRANSFERASE","N; E; Y; Q;","H  35   ; H  95   ; L  36   ; L  89   ;","A 203   ; A 302   ; A 300   ; A 226   ;","none; none; none; none","1.33 A","./target.php?radio=27363721750056077|gwio|203:A or 302:A or 300:A or 226:A|-0.1186,-0.0310,-0.9925,-12.744,-0.6192,-0.7790,0.0984,4.553,-0.7762,0.6262,0.0732,-19.770,0.0,0.0,0.0,1.0&db=afhuman&afid=Q8N4J0"
"Q9NYC9","DYNEIN HEAVY CHAIN 9, AXONEMAL","E; Y; Y; Q;","H  95   ; L  36   ; L  55   ; L  89   ;","A1019   ; A1065   ; A1015   ; A1061   ;","none; none; none; none","1.34 A","./target.php?radio=27363721750056077|sbij|1019:A or 1065:A or 1015:A or 1061:A|-0.1970,0.9485,0.2482,-53.094,0.6126,-0.0786,0.7865,-9.193,0.7655,0.3069,-0.5656,-80.134,0.0,0.0,0.0,1.0&db=afhuman&afid=Q9NYC9"
"Q9BYB0","SH3 AND MULTIPLE ANKYRIN REPEAT DOMAINS PROTEIN 3","N; E; Y; Q;","H  35   ; H  95   ; L  36   ; L  89   ;","A 249   ; A 248   ; A 221   ; A 256   ;","none; none; none; none","1.34 A","./target.php?radio=27363721750056077|kcba|249:A or 248:A or 221:A or 256:A|0.4336,-0.4389,-0.7870,-21.004,0.4352,0.8668,-0.2436,-5.694,0.7891,-0.2368,0.5668,-7.063,0.0,0.0,0.0,1.0&db=afhuman&afid=Q9BYB0"
"A9Z1Z3","FER-1-LIKE PROTEIN 4","N; E; Y; Q;","H  35   ; H  95   ; L  55   ; L  89   ;","A1183   ; A1181   ; A1174   ; A1441   ;","none; none; none; none","1.35 A","./target.php?radio=27363721750056077|cato|1183:A or 1181:A or 1174:A or 1441:A|0.1876,0.4476,0.8743,-42.021,-0.8687,0.4911,-0.0650,6.944,-0.4585,-0.7473,0.4810,17.977,0.0,0.0,0.0,1.0&db=afhuman&afid=A9Z1Z3"
"P51512","MATRIX METALLOPROTEINASE-16","N; E; Y; Y;","H  35   ; H  95   ; L  36   ; L  55   ;","A 402   ; A 464   ; A 411   ; A 462   ;","none; none; none; none","1.35 A","./target.php?radio=27363721750056077|mccm|402:A or 464:A or 411:A or 462:A|-0.8974,-0.3319,0.2908,-18.561,-0.0236,0.6942,0.7194,21.173,-0.4407,0.6386,-0.6308,-18.548,0.0,0.0,0.0,1.0&db=afhuman&afid=P51512"
"Q9Y4I1","UNCONVENTIONAL MYOSIN-VA","N; E; Y; Q;","H  35   ; H  95   ; L  55   ; L  89   ;","A 497   ; A 500   ; A 456   ; A 463   ;","none; none; none; none","1.35 A","./target.php?radio=27363721750056077|nppn|497:A or 500:A or 456:A or 463:A|-0.6020,0.1486,0.7846,-11.710,0.7984,0.1245,0.5891,-7.862,-0.0102,0.9810,-0.1936,-16.609,0.0,0.0,0.0,1.0&db=afhuman&afid=Q9Y4I1"
"Q9NYC9","DYNEIN HEAVY CHAIN 9, AXONEMAL","E; Y; Y; Q;","H  95   ; L  36   ; L  55   ; L  89   ;","A 419   ; A 465   ; A 415   ; A 461   ;","none; none; none; none","1.35 A","./target.php?radio=27363721750056077|aqya|419:A or 465:A or 415:A or 461:A|-0.2123,-0.1543,0.9649,-63.417,-0.9747,0.1036,-0.1979,5.055,-0.0694,-0.9826,-0.1724,-56.793,0.0,0.0,0.0,1.0&db=afhuman&afid=Q9NYC9"
"O43314","INOSITOL HEXAKISPHOSPHATE AND DIPHOSPHOINOSITOL-","E; Y; Y; Q;","H  95   ; L  36   ; L  55   ; L  89   ;","A 862   ; A 749   ; A 727   ; A 735   ;","none; none; none; none","1.35 A","./target.php?radio=27363721750056077|pfqo|862:A or 749:A or 727:A or 735:A|-0.1137,0.0088,-0.9935,-21.632,-0.1203,0.9925,0.0226,-6.278,0.9862,0.1221,-0.1117,26.029,0.0,0.0,0.0,1.0&db=afhuman&afid=O43314"
"Q5UAW9","G-PROTEIN COUPLED RECEPTOR 157","N; E; Y; Q;","H  35   ; H  95   ; L  55   ; L  89   ;","A  90   ; A 178   ; A 182   ; A 271   ;","none; none; none; none","1.36 A","./target.php?radio=27363721750056077|oqtn|90:A or 178:A or 182:A or 271:A|-0.0758,-0.9503,0.3020,-19.996,-0.4733,-0.2323,-0.8497,1.950,0.8777,-0.2073,-0.4321,0.258,0.0,0.0,0.0,1.0&db=afhuman&afid=Q5UAW9"
"Q9NYC9","DYNEIN HEAVY CHAIN 9, AXONEMAL","E; Y; Y; Q;","H  95   ; L  36   ; L  55   ; L  89   ;","A  19   ; A  65   ; A  15   ; A  61   ;","none; none; none; none","1.36 A","./target.php?radio=27363721750056077|ebay|19:A or 65:A or 15:A or 61:A|-0.3059,-0.0141,-0.9520,-73.230,0.8334,-0.4873,-0.2606,-46.014,-0.4602,-0.8731,0.1608,57.474,0.0,0.0,0.0,1.0&db=afhuman&afid=Q9NYC9"
"Q7Z2W7","TRANSIENT RECEPTOR POTENTIAL CATION CHANNEL SUBFAMI","N; E; Y; Q;","H  35   ; H  95   ; L  36   ; L  89   ;","A 655   ; A 662   ; A 999   ; A1003   ;","none; none; none; none","1.36 A","./target.php?radio=27363721750056077|eesh|655:A or 662:A or 999:A or 1003:A|0.2841,0.7393,-0.6106,-51.675,-0.8538,0.4848,0.1898,6.548,0.4363,0.4674,0.7689,-2.561,0.0,0.0,0.0,1.0&db=afhuman&afid=Q7Z2W7"
"Q6NSI4","RPA-RELATED PROTEIN RADX","N; E; Y; Q;","H  35   ; H  95   ; L  36   ; L  89   ;","A 723   ; A 704   ; A 544   ; A 725   ;","none; none; none; none","1.37 A","./target.php?radio=27363721750056077|fiad|723:A or 704:A or 544:A or 725:A|-0.5193,0.4535,0.7244,-26.227,-0.6546,-0.7560,0.0040,12.826,0.5494,-0.4721,0.6894,-7.948,0.0,0.0,0.0,1.0&db=afhuman&afid=Q6NSI4"
"Q8TCU6","PHOSPHATIDYLINOSITOL 3,4,5-TRISPHOSPHATE-DEPENDENT","N; E; Y; Q;","H  35   ; H  95   ; L  36   ; L  89   ;","A1352   ; A1358   ; A1512   ; A1370   ;","none; none; none; none","1.37 A","./target.php?radio=27363721750056077|ruyn|1352:A or 1358:A or 1512:A or 1370:A|-0.5889,-0.5068,0.6295,-26.167,0.6149,-0.7865,-0.0579,17.245,0.5244,0.3530,0.7748,12.470,0.0,0.0,0.0,1.0&db=afhuman&afid=Q8TCU6"
"P10415","APOPTOSIS REGULATOR BCL-2","E; Y; Y; Q;","H  95   ; L  36   ; L  55   ; L  89   ;","A 152   ; A  21   ; A  18   ; A  25   ;","none; none; none; none","1.37 A","./target.php?radio=27363721750056077|yjzv|152:A or 21:A or 18:A or 25:A|0.4258,0.8674,-0.2576,-36.726,-0.1142,0.3339,0.9357,-1.462,0.8976,-0.3690,0.2412,2.532,0.0,0.0,0.0,1.0&db=afhuman&afid=P10415"
"P22894","NEUTROPHIL COLLAGENASE","N; Y; Y; Q;","H  35   ; L  36   ; L  55   ; L  89   ;","A 367   ; A 398   ; A 333   ; A 403   ;","none; none; none; none","1.37 A","./target.php?radio=27363721750056077|kxby|367:A or 398:A or 333:A or 403:A|-0.2787,0.5051,-0.8168,-48.631,-0.2713,-0.8573,-0.4376,0.184,-0.9213,0.0997,0.3759,11.089,0.0,0.0,0.0,1.0&db=afhuman&afid=P22894"
"Q99758","PHOSPHOLIPID-TRANSPORTING ATPASE ABCA3","N; E; Y; Q;","H  35   ; H  95   ; L  36   ; L  89   ;","A 190   ; A 175   ; A 261   ; A 260   ;","none; none; none; none","1.38 A","./target.php?radio=27363721750056077|fdpk|190:A or 175:A or 261:A or 260:A|-0.9342,0.2687,-0.2346,-12.572,0.2928,0.9533,-0.0738,-17.742,0.2038,-0.1376,-0.9693,-30.138,0.0,0.0,0.0,1.0&db=afhuman&afid=Q99758"
"Q9UIJ5","PALMITOYLTRANSFERASE ZDHHC2","N; E; Y; Q;","H  35   ; H  95   ; L  36   ; L  89   ;","A  48   ; A  47   ; A 193   ; A 192   ;","none; none; none; none","1.38 A","./target.php?radio=27363721750056077|jsgk|48:A or 47:A or 193:A or 192:A|0.9716,-0.2366,-0.0017,-2.887,0.2362,0.9692,0.0692,9.547,-0.0147,-0.0676,0.9976,-30.881,0.0,0.0,0.0,1.0&db=afhuman&afid=Q9UIJ5"
"P17643","5,6-DIHYDROXYINDOLE-2-CARBOXYLIC ACID OXIDASE","N; E; Y; Y;","H  35   ; H  95   ; L  36   ; L  55   ;","A 378   ; A 216   ; A 369   ; A 348   ;","none; none; none; none","1.38 A","./target.php?radio=27363721750056077|nips|378:A or 216:A or 369:A or 348:A|-0.6438,-0.5435,0.5387,-37.990,-0.6361,0.7714,0.0181,9.447,-0.4253,-0.3311,-0.8423,2.427,0.0,0.0,0.0,1.0&db=afhuman&afid=P17643"
"O43815","STRIATIN","N; Y; Y; Q;","H  35   ; L  36   ; L  55   ; L  89   ;","A 597   ; A 577   ; A 532   ; A 582   ;","none; none; none; none","1.38 A","./target.php?radio=27363721750056077|nmjk|597:A or 577:A or 532:A or 582:A|-0.1638,0.9763,0.1414,-36.056,0.9772,0.1409,0.1586,-1.142,0.1349,0.1641,-0.9772,-20.432,0.0,0.0,0.0,1.0&db=afhuman&afid=O43815"
"Q9UBI1","COMM DOMAIN-CONTAINING PROTEIN 3","N; E; Y; Q;","H  35   ; H  95   ; L  36   ; L  89   ;","A 109   ; A 112   ; A 104   ; A 105   ;","none; none; none; none","1.39 A","./target.php?radio=27363721750056077|bjxu|109:A or 112:A or 104:A or 105:A|0.7596,-0.6369,-0.1321,-28.921,0.4308,0.3405,0.8357,7.766,-0.4873,-0.6917,0.5331,-5.651,0.0,0.0,0.0,1.0&db=afhuman&afid=Q9UBI1"
"Q9UJT1","TUBULIN DELTA CHAIN","N; E; Y; Q;","H  35   ; H  95   ; L  36   ; L  89   ;","A 121   ; A 128   ; A 162   ; A 161   ;","none; none; none; none","1.39 A","./target.php?radio=27363721750056077|rytf|121:A or 128:A or 162:A or 161:A|-0.0700,0.4509,0.8898,-25.888,-0.8201,0.4818,-0.3086,4.013,-0.5679,-0.7514,0.3360,-24.190,0.0,0.0,0.0,1.0&db=afhuman&afid=Q9UJT1"
"Q13107","UBIQUITIN CARBOXYL-TERMINAL HYDROLASE 4","N; E; Y; Y;","H  35   ; H  95   ; L  36   ; L  55   ;","A 200   ; A 193   ; A 389   ; A 187   ;","none; none; none; none","1.39 A","./target.php?radio=27363721750056077|ggqu|200:A or 193:A or 389:A or 187:A|0.7226,-0.6764,0.1426,-14.254,-0.6847,-0.7287,0.0132,-14.737,0.0950,-0.1072,-0.9897,-24.057,0.0,0.0,0.0,1.0&db=afhuman&afid=Q13107"
"Q8N3R9","MAGUK P55 SUBFAMILY MEMBER 5","N; E; Y; Q;","H  35   ; H  95   ; L  36   ; L  89   ;","A 660   ; A 503   ; A 652   ; A 653   ;","none; none; none; none","1.39 A","./target.php?radio=27363721750056077|hile|660:A or 503:A or 652:A or 653:A|-0.2566,-0.7665,0.5887,-16.249,-0.4106,0.6379,0.6515,23.519,-0.8750,-0.0746,-0.4784,-13.029,0.0,0.0,0.0,1.0&db=afhuman&afid=Q8N3R9"
"A0A0G2JMS6","UNCHARACTERIZED PROTEIN","N; E; Y; Y;","H  35   ; H  95   ; L  36   ; L  55   ;","A1231   ; A1187   ; A1089   ; A1125   ;","none; none; none; none","1.39 A","./target.php?radio=27363721750056077|dxfl|1231:A or 1187:A or 1089:A or 1125:A|0.6239,-0.2347,-0.7455,7.788,0.6808,0.6317,0.3708,9.821,0.3839,-0.7389,0.5538,13.365,0.0,0.0,0.0,1.0&db=afhuman&afid=A0A0G2JMS6"
"Q9NYP9","PROTEIN MIS18-ALPHA","E; Y; Y; Q;","H  95   ; L  36   ; L  55   ; L  89   ;","A 131   ; A 161   ; A 152   ; A 102   ;","none; none; none; none","1.39 A","./target.php?radio=27363721750056077|rieg|131:A or 161:A or 152:A or 102:A|-0.7669,-0.5676,0.2997,-22.180,0.3723,-0.7737,-0.5127,-10.684,0.5228,-0.2816,0.8046,5.325,0.0,0.0,0.0,1.0&db=afhuman&afid=Q9NYP9"
"Q9NYC9","DYNEIN HEAVY CHAIN 9, AXONEMAL","E; Y; Y; Q;","H  95   ; L  36   ; L  55   ; L  89   ;","A 219   ; A 265   ; A 215   ; A 261   ;","none; none; none; none","1.39 A","./target.php?radio=27363721750056077|lsck|219:A or 265:A or 215:A or 261:A|0.9511,0.2769,0.1370,-74.361,0.2979,-0.7047,-0.6439,-15.606,-0.0817,0.6532,-0.7527,-58.968,0.0,0.0,0.0,1.0&db=afhuman&afid=Q9NYC9"
"Q9NXE4","SPHINGOMYELIN PHOSPHODIESTERASE 4","E; Y; Y; Q;","H  95   ; L  36   ; L  55   ; L  89   ;","A 163   ; A 318   ; A 355   ; A 322   ;","none; none; none; none","1.40 A","./target.php?radio=27363721750056077|eope|163:A or 318:A or 355:A or 322:A|0.1237,0.5656,0.8154,-31.325,0.9264,0.2286,-0.2992,2.601,-0.3556,0.7924,-0.4957,-27.258,0.0,0.0,0.0,1.0&db=afhuman&afid=Q9NXE4"
"O43306","ADENYLATE CYCLASE TYPE 6","E; Y; Y; Q;","H  95   ; L  36   ; L  55   ; L  89   ;","A1028   ; A 971   ; A1104   ; A 973   ;","none; none; none; none","1.40 A","./target.php?radio=27363721750056077|zkdv|1028:A or 971:A or 1104:A or 973:A|-0.5874,0.6395,-0.4960,-45.103,0.4336,-0.2689,-0.8601,25.253,-0.6834,-0.7202,-0.1193,-22.275,0.0,0.0,0.0,1.0&db=afhuman&afid=O43306"
"Q7Z2Q7","LEUCINE-RICH REPEAT-CONTAINING PROTEIN 70","E; Y; Y; Q;","H  95   ; L  36   ; L  55   ; L  89   ;","A 568   ; A  66   ; A 570   ; A  43   ;","none; none; none; none","1.41 A","./target.php?radio=27363721750056077|vryg|568:A or 66:A or 570:A or 43:A|-0.6811,-0.0812,0.7277,-49.848,0.6224,0.4592,0.6338,-7.514,-0.3856,0.8846,-0.2622,-20.847,0.0,0.0,0.0,1.0&db=afhuman&afid=Q7Z2Q7"
"Q460N5","PROTEIN MONO-ADP-RIBOSYLTRANSFERASE PARP14","N; E; Y; Q;","H  35   ; H  95   ; L  55   ; L  89   ;","A1297   ; A1317   ; A1285   ; A1277   ;","none; none; none; none","1.41 A","./target.php?radio=27363721750056077|synl|1297:A or 1317:A or 1285:A or 1277:A|-0.4127,-0.7803,0.4699,-38.745,0.7540,-0.0032,0.6569,36.063,-0.5111,0.6254,0.5896,24.364,0.0,0.0,0.0,1.0&db=afhuman&afid=Q460N5"
"O43148","MRNA CAP GUANINE-N7 METHYLTRANSFERASE","N; E; Y; Y;","H  35   ; H  95   ; L  36   ; L  55   ;","A 361   ; A 370   ; A 153   ; A 289   ;","none; none; none; none","1.41 A","./target.php?radio=27363721750056077|exab|361:A or 370:A or 153:A or 289:A|-0.5373,0.0896,-0.8386,-31.961,0.6396,0.6914,-0.3359,-6.960,0.5498,-0.7169,-0.4288,2.974,0.0,0.0,0.0,1.0&db=afhuman&afid=O43148"
"Q9BYJ1","HYDROPEROXIDE ISOMERASE ALOXE3","N; Y; Y; Q;","H  35   ; L  36   ; L  55   ; L  89   ;","A 283   ; A 508   ; A 506   ; A 587   ;","none; none; none; none","1.41 A","./target.php?radio=27363721750056077|agoo|283:A or 508:A or 506:A or 587:A|0.3972,0.5994,-0.6950,-16.243,-0.8884,0.4411,-0.1274,2.330,0.2302,0.6680,0.7077,-7.808,0.0,0.0,0.0,1.0&db=afhuman&afid=Q9BYJ1"
"Q00005","SERINE/THREONINE-PROTEIN PHOSPHATASE 2A 55 KDA REGU","E; Y; Y; Q;","H  95   ; L  36   ; L  55   ; L  89   ;","A 122   ; A 105   ; A  70   ; A 100   ;","none; none; none; none","1.41 A","./target.php?radio=27363721750056077|htpo|122:A or 105:A or 70:A or 100:A|-0.6259,0.6201,-0.4730,-24.582,-0.7197,-0.6928,0.0441,-5.740,-0.3003,0.3680,0.8800,-25.432,0.0,0.0,0.0,1.0&db=afhuman&afid=Q00005"
"Q9NYK1","TOLL-LIKE RECEPTOR 7","N; E; Y; Y;","H  35   ; H  95   ; L  36   ; L  55   ;","A 479   ; A 481   ; A 133   ; A 178   ;","none; none; none; none","1.41 A","./target.php?radio=27363721750056077|yyfy|479:A or 481:A or 133:A or 178:A|0.9394,0.3399,0.0436,-22.089,-0.0812,0.3445,-0.9353,18.515,-0.3329,0.8751,0.3512,-3.675,0.0,0.0,0.0,1.0&db=afhuman&afid=Q9NYK1"
"Q6PJF5","INACTIVE RHOMBOID PROTEIN 2","N; E; Y; Q;","H  35   ; H  95   ; L  36   ; L  89   ;","A 829   ; A 834   ; A 714   ; A 482   ;","none; none; none; none","1.41 A","./target.php?radio=27363721750056077|kycv|829:A or 834:A or 714:A or 482:A|0.8927,-0.3056,-0.3311,-28.609,0.1561,-0.4795,0.8635,9.481,-0.4227,-0.8226,-0.3804,-17.890,0.0,0.0,0.0,1.0&db=afhuman&afid=Q6PJF5"
"Q9NZJ5","EUKARYOTIC TRANSLATION INITIATION FACTOR 2-ALPHA KI","N; E; Y; Q;","H  35   ; H  95   ; L  55   ; L  89   ;","A 901   ; A1016   ; A 990   ; A1024   ;","none; none; none; none","1.41 A","./target.php?radio=27363721750056077|kgzw|901:A or 1016:A or 990:A or 1024:A|0.0119,-0.5452,-0.8382,-46.970,0.6305,0.6548,-0.4169,-4.400,0.7761,-0.5235,0.3515,-12.015,0.0,0.0,0.0,1.0&db=afhuman&afid=Q9NZJ5"
"P29323","EPHRIN TYPE-B RECEPTOR 2","N; E; Y; Y;","H  35   ; H  95   ; L  36   ; L  55   ;","A 482   ; A 475   ; A 473   ; A 504   ;","none; none; none; none","1.42 A","./target.php?radio=27363721750056077|angg|482:A or 475:A or 473:A or 504:A|0.1436,-0.9703,-0.1947,-5.852,0.9827,0.1631,-0.0881,82.290,0.1172,-0.1787,0.9769,-83.689,0.0,0.0,0.0,1.0&db=afhuman&afid=P29323"
"Q8NGN6","OLFACTORY RECEPTOR 10G7","N; E; Y; Y;","H  35   ; H  95   ; L  36   ; L  55   ;","A  40   ; A 110   ; A 287   ; A 114   ;","none; none; none; none","1.43 A","./target.php?radio=27363721750056077|esgd|40:A or 110:A or 287:A or 114:A|-0.8445,0.2994,-0.4440,-32.534,0.1307,0.9192,0.3714,1.410,0.5193,0.2556,-0.8155,3.448,0.0,0.0,0.0,1.0&db=afhuman&afid=Q8NGN6"
"Q96QR8","TRANSCRIPTIONAL ACTIVATOR PROTEIN PUR-BETA","N; E; Y; Q;","H  35   ; H  95   ; L  36   ; L  89   ;","A 128   ; A 127   ; A 131   ; A 148   ;","none; none; none; none","1.43 A","./target.php?radio=27363721750056077|ipys|128:A or 127:A or 131:A or 148:A|-0.6745,-0.5860,-0.4491,-27.130,-0.0964,0.6730,-0.7333,-0.519,0.7320,-0.4513,-0.5105,-4.230,0.0,0.0,0.0,1.0&db=afhuman&afid=Q96QR8"
"Q15910","HISTONE-LYSINE N-METHYLTRANSFERASE EZH2","N; Y; Y; Q;","H  35   ; L  36   ; L  55   ; L  89   ;","A 670   ; A 736   ; A 728   ; A 648   ;","none; none; none; none","1.43 A","./target.php?radio=27363721750056077|eejc|670:A or 736:A or 728:A or 648:A|-0.8897,-0.4123,0.1962,-22.999,0.2002,0.0338,0.9792,4.942,-0.4104,0.9104,0.0525,11.183,0.0,0.0,0.0,1.0&db=afhuman&afid=Q15910"
"Q8IW92","BETA-GALACTOSIDASE-1-LIKE PROTEIN 2","N; E; Y; Y;","H  35   ; H  95   ; L  36   ; L  55   ;","A 233   ; A 277   ; A 138   ; A  96   ;","none; none; none; none","1.43 A","./target.php?radio=27363721750056077|pevt|233:A or 277:A or 138:A or 96:A|-0.2661,-0.7240,0.6364,-28.793,0.5306,-0.6612,-0.5303,-9.920,0.8047,0.1965,0.5602,-3.919,0.0,0.0,0.0,1.0&db=afhuman&afid=Q8IW92"
"Q8NGN3","OLFACTORY RECEPTOR 10G4","N; E; Y; Y;","H  35   ; H  95   ; L  36   ; L  55   ;","A  40   ; A 110   ; A 287   ; A 114   ;","none; none; none; none","1.43 A","./target.php?radio=27363721750056077|zeag|40:A or 110:A or 287:A or 114:A|-0.7861,0.5607,-0.2600,-32.964,0.3738,0.7664,0.5225,1.698,0.4922,0.3136,-0.8120,4.090,0.0,0.0,0.0,1.0&db=afhuman&afid=Q8NGN3"
"P09917","POLYUNSATURATED FATTY ACID 5-LIPOXYGENASE","N; Y; Y; Q;","H  35   ; L  36   ; L  55   ; L  89   ;","A 242   ; A 471   ; A 469   ; A 550   ;","none; none; none; none","1.43 A","./target.php?radio=27363721750056077|jafp|242:A or 471:A or 469:A or 550:A|0.4172,0.6794,-0.6037,-15.534,-0.9015,0.3933,-0.1805,-1.302,0.1148,0.6195,0.7765,-4.102,0.0,0.0,0.0,1.0&db=afhuman&afid=P09917"
"O14672","DISINTEGRIN AND METALLOPROTEINASE DOMAIN-CONTAINING","N; E; Y; Q;","H  35   ; H  95   ; L  36   ; L  89   ;","A 278   ; A  89   ; A 225   ; A 307   ;","none; none; none; none","1.43 A","./target.php?radio=27363721750056077|eebq|278:A or 89:A or 225:A or 307:A|-0.1688,0.5418,-0.8234,-27.049,-0.6710,0.5488,0.4986,17.077,0.7220,0.6367,0.2709,-18.650,0.0,0.0,0.0,1.0&db=afhuman&afid=O14672"
"Q8NAT1","PROTEIN O-LINKED-MANNOSE","E; Y; Y; Q;","H  95   ; L  36   ; L  55   ; L  89   ;","A 363   ; A 243   ; A 377   ; A 251   ;","none; none; none; none","1.43 A","./target.php?radio=27363721750056077|cexl|363:A or 243:A or 377:A or 251:A|0.3608,0.9197,0.1545,-28.554,-0.7574,0.1923,0.6240,-4.517,0.5442,-0.3422,0.7660,-14.355,0.0,0.0,0.0,1.0&db=afhuman&afid=Q8NAT1"
"P14679","TYROSINASE","N; E; Y; Q;","H  35   ; H  95   ; L  55   ; L  89   ;","A 382   ; A 294   ; A 282   ; A 376   ;","none; none; none; none","1.44 A","./target.php?radio=27363721750056077|sasb|382:A or 294:A or 282:A or 376:A|0.8324,0.1376,-0.5369,-24.323,0.3909,-0.8324,0.3927,13.605,-0.3929,-0.5368,-0.7467,-11.445,0.0,0.0,0.0,1.0&db=afhuman&afid=P14679"
"P04839","CYTOCHROME B-245 HEAVY CHAIN","E; Y; Y; Q;","H  95   ; L  36   ; L  55   ; L  89   ;","A 519   ; A 440   ; A 442   ; A 526   ;","none; none; none; none","1.44 A","./target.php?radio=27363721750056077|zfkl|519:A or 440:A or 442:A or 526:A|-0.2237,-0.9714,0.0792,-49.715,0.8806,-0.2363,-0.4107,16.481,0.4177,-0.0222,0.9083,-22.453,0.0,0.0,0.0,1.0&db=afhuman&afid=P04839"
"Q12955","ANKYRIN-3","N; E; Y; Q;","H  35   ; H  95   ; L  55   ; L  89   ;","A 694   ; A 842   ; A 632   ; A 673   ;","none; none; none; none","1.44 A","./target.php?radio=27363721750056077|dlec|694:A or 842:A or 632:A or 673:A|0.4015,0.6945,0.5971,-32.357,0.8221,0.0140,-0.5691,-41.040,-0.4036,0.7194,-0.5653,-14.728,0.0,0.0,0.0,1.0&db=afhuman&afid=Q12955"
"Q9Y6J8","SERINE/THREONINE/TYROSINE-INTERACTING-LIKE PROTEIN","N; E; Y; Y;","H  35   ; H  95   ; L  36   ; L  55   ;","A  14   ; A  11   ; A  73   ; A 125   ;","none; none; none; none","1.44 A","./target.php?radio=27363721750056077|vfov|14:A or 11:A or 73:A or 125:A|-0.3546,-0.7043,0.6150,-22.577,0.1579,0.6032,0.7818,10.134,-0.9216,0.3744,-0.1027,-0.353,0.0,0.0,0.0,1.0&db=afhuman&afid=Q9Y6J8"
"Q9NYC9","DYNEIN HEAVY CHAIN 9, AXONEMAL","E; Y; Y; Q;","H  95   ; L  36   ; L  55   ; L  89   ;","A 819   ; A 865   ; A 815   ; A 861   ;","none; none; none; none","1.44 A","./target.php?radio=27363721750056077|bcmm|819:A or 865:A or 815:A or 861:A|0.7944,0.3438,-0.5008,-42.395,-0.2969,-0.4994,-0.8139,-12.039,-0.5299,0.7952,-0.2946,-32.203,0.0,0.0,0.0,1.0&db=afhuman&afid=Q9NYC9"
"A6NHC0","CALPAIN-8","N; E; Y; Q;","H  35   ; H  95   ; L  36   ; L  89   ;","A 189   ; A 202   ; A 146   ; A 145   ;","none; none; none; none","1.45 A","./target.php?radio=27363721750056077|ipyo|189:A or 202:A or 146:A or 145:A|-0.6189,0.4647,-0.6333,-32.850,0.2173,0.8760,0.4305,1.388,0.7548,0.1288,-0.6432,-4.748,0.0,0.0,0.0,1.0&db=afhuman&afid=A6NHC0"
"Q8NGN5","OLFACTORY RECEPTOR 10G8","N; E; Y; Y;","H  35   ; H  95   ; L  36   ; L  55   ;","A  40   ; A 110   ; A 287   ; A 114   ;","none; none; none; none","1.45 A","./target.php?radio=27363721750056077|aggx|40:A or 110:A or 287:A or 114:A|-0.8274,0.4373,-0.3525,-32.650,0.2563,0.8523,0.4559,1.139,0.4998,0.2868,-0.8173,3.896,0.0,0.0,0.0,1.0&db=afhuman&afid=Q8NGN5"
"Q9BQS7","HEPHAESTIN","N; E; Y; Q;","H  35   ; H  95   ; L  55   ; L  89   ;","A 244   ; A 235   ; A  39   ; A  36   ;","none; none; none; none","1.45 A","./target.php?radio=27363721750056077|kbgc|244:A or 235:A or 39:A or 36:A|0.8832,0.1852,-0.4309,-49.244,0.3601,-0.8563,0.3701,-0.533,-0.3004,-0.4821,-0.8230,4.841,0.0,0.0,0.0,1.0&db=afhuman&afid=Q9BQS7"
"Q969V5","MITOCHONDRIAL UBIQUITIN LIGASE ACTIVATOR OF NFKB 1","E; Y; Y; Q;","H  95   ; L  36   ; L  55   ; L  89   ;","A  38   ; A 220   ; A  65   ; A 233   ;","none; none; none; none","1.45 A","./target.php?radio=27363721750056077|zdta|38:A or 220:A or 65:A or 233:A|0.1218,0.9866,-0.1088,-17.808,0.9757,-0.0989,0.1955,7.120,0.1821,-0.1300,-0.9747,-4.010,0.0,0.0,0.0,1.0&db=afhuman&afid=Q969V5"
"Q8NGN4","OLFACTORY RECEPTOR 10G9","N; E; Y; Y;","H  35   ; H  95   ; L  36   ; L  55   ;","A  40   ; A 110   ; A 287   ; A 114   ;","none; none; none; none","1.45 A","./target.php?radio=27363721750056077|aseb|40:A or 110:A or 287:A or 114:A|-0.8111,0.5174,-0.2728,-32.881,0.3253,0.7867,0.5247,1.637,0.4861,0.3369,-0.8064,4.217,0.0,0.0,0.0,1.0&db=afhuman&afid=Q8NGN4"
"Q8NGN2","OLFACTORY RECEPTOR 10S1","N; E; Y; Y;","H  35   ; H  95   ; L  36   ; L  55   ;","A  55   ; A 125   ; A 302   ; A 129   ;","none; none; none; none","1.45 A","./target.php?radio=27363721750056077|qmrp|55:A or 125:A or 302:A or 129:A|0.1603,0.7869,0.5959,-31.329,0.7220,-0.5052,0.4728,8.357,0.6731,0.3545,-0.6491,3.867,0.0,0.0,0.0,1.0&db=afhuman&afid=Q8NGN2"
"Q8IX30","SIGNAL PEPTIDE, CUB AND EGF-LIKE DOMAIN-CONTAINING","N; E; Y; Y;","H  35   ; H  95   ; L  36   ; L  55   ;","A 498   ; A 650   ; A 605   ; A 645   ;","none; none; none; none","1.45 A","./target.php?radio=27363721750056077|pmsa|498:A or 650:A or 605:A or 645:A|0.2080,0.6943,0.6889,-35.469,-0.0965,-0.6863,0.7208,-53.365,0.9734,-0.2164,-0.0758,-3.697,0.0,0.0,0.0,1.0&db=afhuman&afid=Q8IX30"
"Q8N752","CASEIN KINASE I ISOFORM ALPHA-LIKE","N; E; Y; Q;","H  35   ; H  95   ; L  36   ; L  89   ;","A  85   ; A  48   ; A  79   ; A  81   ;","none; none; none; none","1.46 A","./target.php?radio=27363721750056077|cgnw|85:A or 48:A or 79:A or 81:A|0.8693,0.1827,0.4593,-43.457,-0.3789,-0.3505,0.8565,6.314,0.3175,-0.9186,-0.2355,-6.752,0.0,0.0,0.0,1.0&db=afhuman&afid=Q8N752"
"Q5T4S7","E3 UBIQUITIN-PROTEIN LIGASE UBR4","E; Y; Y; Q;","H  95   ; L  36   ; L  55   ; L  89   ;","A  62   ; A  70   ; A  74   ; A 162   ;","none; none; none; none","1.46 A","./target.php?radio=27363721750056077|aoeq|62:A or 70:A or 74:A or 162:A|-0.2558,-0.8756,0.4097,-103.987,-0.2852,0.4733,0.8334,-23.102,-0.9237,0.0963,-0.3708,-47.135,0.0,0.0,0.0,1.0&db=afhuman&afid=Q5T4S7"
"Q99536","SYNAPTIC VESICLE MEMBRANE PROTEIN VAT-1 HOMOLOG","E; Y; Y; Q;","H  95   ; L  36   ; L  55   ; L  89   ;","A 165   ; A 173   ; A 349   ; A 207   ;","none; none; none; none","1.46 A","./target.php?radio=27363721750056077|mczy|165:A or 173:A or 349:A or 207:A|-0.5670,-0.3983,0.7211,-24.098,0.1521,-0.9109,-0.3835,12.286,0.8096,-0.1078,0.5770,-6.651,0.0,0.0,0.0,1.0&db=afhuman&afid=Q99536"
"Q7Z3J3","RANBP2-LIKE AND GRIP DOMAIN-CONTAINING PROTEIN 4","N; E; Y; Q;","H  35   ; H  95   ; L  36   ; L  89   ;","A 168   ; A 190   ; A 175   ; A 155   ;","none; none; none; none","1.46 A","./target.php?radio=27363721750056077|yjnc|168:A or 190:A or 175:A or 155:A|0.7916,0.5979,-0.1259,-32.047,-0.5930,0.8014,0.0776,18.580,0.1473,0.0132,0.9890,21.886,0.0,0.0,0.0,1.0&db=afhuman&afid=Q7Z3J3"
"P16157","ANKYRIN-1","N; E; Y; Q;","H  35   ; H  95   ; L  55   ; L  89   ;","A 665   ; A 812   ; A 603   ; A 644   ;","none; none; none; none","1.47 A","./target.php?radio=27363721750056077|gkzo|665:A or 812:A or 603:A or 644:A|0.2008,0.8972,0.3934,-24.425,0.8301,0.0574,-0.5547,-44.661,-0.5203,0.4379,-0.7332,-10.905,0.0,0.0,0.0,1.0&db=afhuman&afid=P16157"
"Q9BQS7","HEPHAESTIN","N; E; Y; Y;","H  35   ; H  95   ; L  36   ; L  55   ;","A 829   ; A 741   ; A 834   ; A 935   ;","none; none; none; none","1.47 A","./target.php?radio=27363721750056077|kbgc|829:A or 741:A or 834:A or 935:A|-0.9425,-0.0852,0.3233,-43.366,-0.3339,0.2900,-0.8969,-3.505,-0.0173,-0.9532,-0.3017,-32.449,0.0,0.0,0.0,1.0&db=afhuman&afid=Q9BQS7"
"P56746","CLAUDIN-15","N; E; Y; Y;","H  35   ; H  95   ; L  36   ; L  55   ;","A  47   ; A  46   ; A 138   ; A 156   ;","none; none; none; none","1.47 A","./target.php?radio=27363721750056077|prhg|47:A or 46:A or 138:A or 156:A|-0.6668,-0.6721,0.3219,-18.797,-0.6682,0.7305,0.1410,5.959,-0.3300,-0.1211,-0.9362,-14.047,0.0,0.0,0.0,1.0&db=afhuman&afid=P56746"
"Q14246","ADHESION G PROTEIN-COUPLED RECEPTOR E1","N; E; Y; Q;","H  35   ; H  95   ; L  36   ; L  89   ;","A 330   ; A 396   ; A 346   ; A 335   ;","none; none; none; none","1.47 A","./target.php?radio=27363721750056077|ffyd|330:A or 396:A or 346:A or 335:A|0.7525,0.2103,-0.6241,-35.728,0.5332,-0.7508,0.3899,10.962,-0.3866,-0.6262,-0.6771,7.536,0.0,0.0,0.0,1.0&db=afhuman&afid=Q14246"
"P17655","CALPAIN-2 CATALYTIC SUBUNIT","N; E; Y; Q;","H  35   ; H  95   ; L  36   ; L  89   ;","A 189   ; A 202   ; A 146   ; A 145   ;","none; none; none; none","1.47 A","./target.php?radio=27363721750056077|zdhy|189:A or 202:A or 146:A or 145:A|0.2093,-0.9694,0.1286,-25.203,-0.8125,-0.2456,-0.5287,2.584,0.5441,0.0062,-0.8390,-8.384,0.0,0.0,0.0,1.0&db=afhuman&afid=P17655"
"O14727","APOPTOTIC PROTEASE-ACTIVATING FACTOR 1","E; Y; Y; Q;","H  95   ; L  36   ; L  55   ; L  89   ;","A 528   ; A 489   ; A 529   ; A 390   ;","none; none; none; none","1.47 A","./target.php?radio=27363721750056077|vlzq|528:A or 489:A or 529:A or 390:A|-0.1573,0.9055,0.3941,-34.587,0.9851,0.1717,-0.0013,-3.458,-0.0689,0.3881,-0.9191,9.002,0.0,0.0,0.0,1.0&db=afhuman&afid=O14727"
"O43813","GLUTATHIONE S-TRANSFERASE LANCL1","N; E; Y; Y;","H  35   ; H  95   ; L  36   ; L  55   ;","A   8   ; A 353   ; A 346   ; A  21   ;","none; none; none; none","1.47 A","./target.php?radio=27363721750056077|ggoq|8:A or 353:A or 346:A or 21:A|0.5212,-0.8487,0.0901,-36.522,-0.8524,-0.5229,0.0054,20.156,0.0425,-0.0796,-0.9959,-12.758,0.0,0.0,0.0,1.0&db=afhuman&afid=O43813"
"Q6ZXV5","PROTEIN O-MANNOSYL-TRANSFERASE TMTC3","N; E; Y; Q;","H  35   ; H  95   ; L  55   ; L  89   ;","A 536   ; A 571   ; A 586   ; A 564   ;","none; none; none; none","1.47 A","./target.php?radio=27363721750056077|sjic|536:A or 571:A or 586:A or 564:A|0.7934,-0.1534,-0.5891,-2.789,0.5620,-0.1873,0.8057,-2.543,-0.2339,-0.9703,-0.0624,1.251,0.0,0.0,0.0,1.0&db=afhuman&afid=Q6ZXV5"
"Q86UV5","UBIQUITIN CARBOXYL-TERMINAL HYDROLASE 48","E; Y; Y; Q;","H  95   ; L  36   ; L  55   ; L  89   ;","A1024   ; A 414   ; A 354   ; A 183   ;","none; none; none; none","1.47 A","./target.php?radio=27363721750056077|ljdh|1024:A or 414:A or 354:A or 183:A|-0.7689,-0.4158,0.4857,-55.536,-0.6394,0.5043,-0.5805,-3.802,-0.0036,-0.7568,-0.6536,1.694,0.0,0.0,0.0,1.0&db=afhuman&afid=Q86UV5"
"Q9BQ65","U6 SNRNA PHOSPHODIESTERASE","N; E; Y; Q;","H  35   ; H  95   ; L  55   ; L  89   ;","A 156   ; A 174   ; A 161   ; A 231   ;","none; none; none; none","1.47 A","./target.php?radio=27363721750056077|jwpz|156:A or 174:A or 161:A or 231:A|-0.5007,-0.2351,0.8331,-38.218,0.4831,-0.8745,0.0436,10.554,0.7182,0.4243,0.5515,-3.365,0.0,0.0,0.0,1.0&db=afhuman&afid=Q9BQ65"
"P39900","MACROPHAGE METALLOELASTASE","N; Y; Y; Q;","H  35   ; L  36   ; L  55   ; L  89   ;","A 421   ; A 451   ; A 440   ; A 456   ;","none; none; none; none","1.48 A","./target.php?radio=27363721750056077|udbu|421:A or 451:A or 440:A or 456:A|-0.6420,-0.6789,0.3563,-63.377,0.0499,0.4267,0.9030,-5.302,-0.7651,0.5975,-0.2401,-7.364,0.0,0.0,0.0,1.0&db=afhuman&afid=P39900"
"Q9H9Y6","DNA-DIRECTED RNA POLYMERASE I SUBUNIT RPA2","N; Y; Y; Q;","H  35   ; L  36   ; L  55   ; L  89   ;","A 461   ; A 998   ; A 727   ; A1000   ;","none; none; none; none","1.49 A","./target.php?radio=27363721750056077|vbyq|461:A or 998:A or 727:A or 1000:A|0.9519,0.0591,0.3007,-26.085,0.0376,0.9514,-0.3058,3.992,-0.3041,0.3024,0.9034,14.601,0.0,0.0,0.0,1.0&db=afhuman&afid=Q9H9Y6"
"O75581","LOW-DENSITY LIPOPROTEIN RECEPTOR-RELATED PROTEIN 6","N; E; Y; Q;","H  35   ; H  95   ; L  55   ; L  89   ;","A 210   ; A 193   ; A 253   ; A 217   ;","none; none; none; none","1.49 A","./target.php?radio=27363721750056077|mduq|210:A or 193:A or 253:A or 217:A|0.3177,-0.9140,0.2522,-35.293,0.8145,0.1268,-0.5662,55.262,0.4855,0.3853,0.7847,-35.934,0.0,0.0,0.0,1.0&db=afhuman&afid=O75581"
"Q12955","ANKYRIN-3","N; E; Y; Q;","H  35   ; H  95   ; L  55   ; L  89   ;","A 494   ; A 642   ; A 432   ; A 473   ;","none; none; none; none","1.49 A","./target.php?radio=27363721750056077|yhht|494:A or 642:A or 432:A or 473:A|0.1276,0.9608,-0.2461,-33.775,0.9104,-0.2119,-0.3553,-34.804,-0.3935,-0.1787,-0.9018,-2.692,0.0,0.0,0.0,1.0&db=afhuman&afid=Q12955"
"Q9NYC9","DYNEIN HEAVY CHAIN 9, AXONEMAL","E; Y; Y; Q;","H  95   ; L  36   ; L  55   ; L  89   ;","A 619   ; A 665   ; A 615   ; A 661   ;","none; none; none; none","1.49 A","./target.php?radio=27363721750056077|rqff|619:A or 665:A or 615:A or 661:A|0.9655,0.2571,-0.0403,-81.000,0.2351,-0.9281,-0.2887,7.940,-0.1116,0.2693,-0.9566,-37.600,0.0,0.0,0.0,1.0&db=afhuman&afid=Q9NYC9"
"Q8N3Y1","F-BOX/WD REPEAT-CONTAINING PROTEIN 8","N; E; Y; Q;","H  35   ; H  95   ; L  36   ; L  89   ;","A 531   ; A 494   ; A 534   ; A 518   ;","none; none; none; none","1.49 A","./target.php?radio=27363721750056077|wrwm|531:A or 494:A or 534:A or 518:A|-0.1456,-0.6087,-0.7799,-12.111,0.4615,-0.7391,0.4906,-2.651,-0.8751,-0.2885,0.3885,7.423,0.0,0.0,0.0,1.0&db=afhuman&afid=Q8N3Y1"
"Q15771","RAS-RELATED PROTEIN RAB-30","N; Y; Y; Q;","H  35   ; L  36   ; L  55   ; L  89   ;","A 158   ; A 148   ; A  89   ; A 134   ;","none; none; none; none","1.49 A","./target.php?radio=27363721750056077|xupq|158:A or 148:A or 89:A or 134:A|-0.1022,0.9527,0.2863,-35.211,-0.2697,-0.3035,0.9139,8.643,0.9575,0.0162,0.2880,-7.823,0.0,0.0,0.0,1.0&db=afhuman&afid=Q15771"
"A6NKT7","RANBP2-LIKE AND GRIP DOMAIN-CONTAINING PROTEIN 3","E; Y; Y; Q;","H  95   ; L  36   ; L  55   ; L  89   ;","A   9   ; A  48   ; A  36   ; A  16   ;","none; none; none; none","1.49 A","./target.php?radio=27363721750056077|hojz|9:A or 48:A or 36:A or 16:A|0.4247,-0.6236,-0.6563,-63.029,0.8722,0.4762,0.1119,-38.609,0.2428,-0.6200,0.7461,-23.726,0.0,0.0,0.0,1.0&db=afhuman&afid=A6NKT7"
"P01574","INTERFERON BETA","N; E; Y; Q;","H  35   ; H  95   ; L  36   ; L  89   ;","A 117   ; A 124   ; A  81   ; A  85   ;","none; none; none; none","1.50 A","./target.php?radio=27363721750056077|qvos|117:A or 124:A or 81:A or 85:A|0.7288,0.2572,-0.6346,-15.108,0.6704,-0.4566,0.5849,5.704,-0.1393,-0.8517,-0.5052,-11.878,0.0,0.0,0.0,1.0&db=afhuman&afid=P01574"
