"Matches found in filtered_5tzo(AlphaFold)","Description","Residues","Query","Database Hits","Heteroatoms Notes in Database hit","RMSD","Viewer"
"Q14674","SEPARIN","Q; S; Y; S; Y;","A 127   ; B  35   ; B 166   ; C  35   ; C  80   ;","A1662   ; A1694   ; A1597   ; A1508   ; A 898   ;","none; none; none; none; none","1.21 A","./target.php?radio=27363731750063369|oupy|1662:A or 1694:A or 1597:A or 1508:A or 898:A|-0.4231,-0.6473,-0.6340,-7.687,0.4352,0.4686,-0.7688,3.950,0.7947,-0.6012,0.0834,32.857,0.0,0.0,0.0,1.0&db=afhuman&afid=Q14674"
"Q5T5C0","SYNTAXIN-BINDING PROTEIN 5","S; Y; Y; S; Q;","A  35   ; A  80   ; A 166   ; B  35   ; C 127   ;","A1019   ; A 447   ; A 404   ; A 943   ; A 620   ;","none; none; none; none; none","1.28 A","./target.php?radio=27363731750063369|cvme|1019:A or 447:A or 404:A or 943:A or 620:A|-0.9930,-0.1067,0.0512,-9.643,-0.1032,0.5694,-0.8156,-3.063,0.0579,-0.8151,-0.5764,4.997,0.0,0.0,0.0,1.0&db=afhuman&afid=Q5T5C0"
"Q92859","NEOGENIN","Q; S; Y; Q; Y;","A 127   ; B  35   ; C  80   ; C 127   ; C 166   ;","A 691   ; A 209   ; A 775   ; A 783   ; A 794   ;","none; none; none; none; none","1.29 A","./target.php?radio=27363731750063369|tnap|691:A or 209:A or 775:A or 783:A or 794:A|-0.0870,-0.9962,0.0030,-45.984,0.7955,-0.0713,-0.6017,20.560,0.5996,-0.0499,0.7987,19.209,0.0,0.0,0.0,1.0&db=afhuman&afid=Q92859"
"Q9Y2K9","SYNTAXIN-BINDING PROTEIN 5-LIKE","S; Y; Y; S; Q;","A  35   ; A  80   ; A 166   ; B  35   ; C 127   ;","A1054   ; A 460   ; A 417   ; A 978   ; A 630   ;","none; none; none; none; none","1.30 A","./target.php?radio=27363731750063369|east|1054:A or 460:A or 417:A or 978:A or 630:A|-0.0816,0.0710,0.9941,-10.182,0.9959,-0.0340,0.0841,-4.454,0.0397,0.9969,-0.0679,4.272,0.0,0.0,0.0,1.0&db=afhuman&afid=Q9Y2K9"
"Q5VUG0","SCM-LIKE WITH FOUR MBT DOMAINS PROTEIN 2","Y; Q; S; Q; Y;","A  80   ; A 127   ; B  35   ; B 127   ; C  80   ;","A 203   ; A 195   ; A 749   ; A  75   ; A 526   ;","none; none; none; none; none","1.32 A","./target.php?radio=27363731750063369|mbxm|203:A or 195:A or 749:A or 75:A or 526:A|0.8097,-0.5828,-0.0696,-21.576,-0.5561,-0.7997,0.2264,8.833,-0.1876,-0.1446,-0.9716,12.663,0.0,0.0,0.0,1.0&db=afhuman&afid=Q5VUG0"
"Q9Y493","ZONADHESIN","S; Q; S; Q; Q;","A  35   ; A 127   ; B  35   ; B 127   ; C 127   ;","A 240   ; A 297   ; A 362   ; A 372   ; A1131   ;","none; none; none; none; none","1.35 A","./target.php?radio=27363731750063369|zuzj|240:A or 297:A or 362:A or 372:A or 1131:A|0.4789,-0.1247,-0.8690,-35.473,-0.4662,-0.8749,-0.1313,1.112,-0.7439,0.4680,-0.4771,13.202,0.0,0.0,0.0,1.0&db=afhuman&afid=Q9Y493"
"Q13018","SECRETORY PHOSPHOLIPASE A2 RECEPTOR","S; Y; Q; Q; Y;","A  35   ; A  80   ; A 127   ; C 127   ; C 166   ;","A 748   ; A 603   ; A 558   ; A 407   ; A 499   ;","none; none; none; none; none","1.35 A","./target.php?radio=27363731750063369|uxwk|748:A or 603:A or 558:A or 407:A or 499:A|0.7450,0.1554,0.6486,-24.060,-0.6197,-0.1986,0.7593,-14.556,0.2468,-0.9677,-0.0516,-6.174,0.0,0.0,0.0,1.0&db=afhuman&afid=Q13018"
"Q9NR09","BACULOVIRAL IAP REPEAT-CONTAINING PROTEIN 6","Y; Q; S; Y; Y;","A  80   ; A 127   ; B  35   ; B 166   ; C  80   ;","A  64   ; A  26   ; A 722   ; A 633   ; A 284   ;","none; none; none; none; none","1.38 A","./target.php?radio=27363731750063369|ihaf|64:A or 26:A or 722:A or 633:A or 284:A|-0.8724,0.0494,0.4862,-37.610,0.4610,0.4137,0.7851,-11.830,-0.1624,0.9091,-0.3837,40.615,0.0,0.0,0.0,1.0&db=afhuman&afid=Q9NR09"
"Q6N022","TENEURIN-4","S; Y; Q; Y; Q;","A  35   ; A  80   ; B 127   ; B 166   ; C 127   ;","A1230   ; A 803   ; A1311   ; A 910   ; A 555   ;","none; none; none; none; none","1.39 A","./target.php?radio=27363731750063369|jgdj|1230:A or 803:A or 1311:A or 910:A or 555:A|-0.9542,-0.2813,0.1017,-6.307,0.2990,-0.9045,0.3041,-4.194,0.0065,0.3205,0.9472,17.563,0.0,0.0,0.0,1.0&db=afhuman&afid=Q6N022"
"Q9Y493","ZONADHESIN","S; Q; Y; Y; Q;","B  35   ; B 127   ; B 166   ; C  80   ; C 127   ;","A1271   ; A1128   ; A1096   ; A 876   ; A 874   ;","none; none; none; none; none","1.40 A","./target.php?radio=27363731750063369|dcpr|1271:A or 1128:A or 1096:A or 876:A or 874:A|0.7646,0.4419,-0.4691,-24.028,0.5597,-0.8162,0.1434,10.311,-0.3195,-0.3722,-0.8714,23.307,0.0,0.0,0.0,1.0&db=afhuman&afid=Q9Y493"
"Q9NT68","TENEURIN-2","Q; S; Y; Y; Q;","A 127   ; B  35   ; B 166   ; C  80   ; C 127   ;","A 490   ; A 633   ; A1357   ; A1204   ; A1182   ;","none; none; none; none; none","1.40 A","./target.php?radio=27363731750063369|xpjo|490:A or 633:A or 1357:A or 1204:A or 1182:A|-0.4601,-0.2588,0.8493,-42.875,-0.3149,-0.8468,-0.4286,-3.026,0.8302,-0.4647,0.3081,26.770,0.0,0.0,0.0,1.0&db=afhuman&afid=Q9NT68"
"P98160","BASEMENT MEMBRANE-SPECIFIC HEPARAN SULFATE PROTEOGL","S; Y; S; S; Q;","A  35   ; A  80   ; B  35   ; C  35   ; C 127   ;","A  33   ; A  38   ; A  69   ; A1343   ; A1358   ;","none; none; none; none; none","1.40 A","./target.php?radio=27363731750063369|nnxv|33:A or 38:A or 69:A or 1343:A or 1358:A|0.6207,-0.0047,-0.7841,1.057,0.7715,0.1818,0.6097,15.886,0.1397,-0.9833,0.1164,47.883,0.0,0.0,0.0,1.0&db=afhuman&afid=P98160"
"Q96HY7","PROBABLE 2-OXOGLUTARATE DEHYDROGENASE E1 COMPONENT","S; Y; Q; Q; S;","A  35   ; A  80   ; A 127   ; B 127   ; C  35   ;","A 634   ; A 313   ; A 306   ; A 339   ; A 483   ;","none; none; none; none; none","1.41 A","./target.php?radio=27363731750063369|akbp|634:A or 313:A or 306:A or 339:A or 483:A|0.4255,0.3036,-0.8525,-29.820,0.8140,0.2833,0.5071,0.340,0.3955,-0.9097,-0.1265,9.172,0.0,0.0,0.0,1.0&db=afhuman&afid=Q96HY7"
"Q9NT68","TENEURIN-2","Q; S; Y; Y; Q;","A 127   ; B  35   ; B 166   ; C  80   ; C 127   ;","A 290   ; A 433   ; A1157   ; A1004   ; A 982   ;","none; none; none; none; none","1.41 A","./target.php?radio=27363731750063369|ufbf|290:A or 433:A or 1157:A or 1004:A or 982:A|-0.7099,-0.1608,0.6857,-35.545,-0.2534,-0.8501,-0.4617,-2.261,0.6572,-0.5015,0.5627,28.683,0.0,0.0,0.0,1.0&db=afhuman&afid=Q9NT68"
"Q9NT68","TENEURIN-2","Q; S; Y; Y; Q;","A 127   ; B  35   ; B 166   ; C  80   ; C 127   ;","A  90   ; A 233   ; A 957   ; A 804   ; A 782   ;","none; none; none; none; none","1.42 A","./target.php?radio=27363731750063369|gmoq|90:A or 233:A or 957:A or 804:A or 782:A|-0.7485,-0.3857,0.5394,-28.531,0.1832,-0.9021,-0.3907,-2.922,0.6373,-0.1936,0.7459,32.669,0.0,0.0,0.0,1.0&db=afhuman&afid=Q9NT68"
"Q12965","UNCONVENTIONAL MYOSIN-IE","S; S; Q; Q; Y;","A  35   ; B  35   ; B 127   ; C 127   ; C 166   ;","A  58   ; A 574   ; A 568   ; A 277   ; A 235   ;","none; none; none; none; none","1.45 A","./target.php?radio=27363731750063369|uors|58:A or 574:A or 568:A or 277:A or 235:A|-0.8256,0.4133,0.3843,-35.328,-0.5624,-0.6584,-0.5002,3.271,0.0463,-0.6290,0.7760,5.271,0.0,0.0,0.0,1.0&db=afhuman&afid=Q12965"
"Q16706","ALPHA-MANNOSIDASE 2","S; Q; S; Q; S;","A  35   ; A 127   ; B  35   ; B 127   ; C  35   ;","A1010   ; A 938   ; A1113   ; A 272   ; A  49   ;","none; none; none; none; none","1.45 A","./target.php?radio=27363731750063369|brwx|1010:A or 938:A or 1113:A or 272:A or 49:A|0.9613,-0.2481,-0.1199,-33.816,0.2614,0.6833,0.6817,6.482,-0.0872,-0.6867,0.7217,2.454,0.0,0.0,0.0,1.0&db=afhuman&afid=Q16706"
"Q12830","NUCLEOSOME-REMODELING FACTOR SUBUNIT BPTF","S; S; Q; S; Y;","A  35   ; B  35   ; B 127   ; C  35   ; C 166   ;","A 193   ; A 301   ; A 370   ; A 547   ; A 493   ;","none; none; none; none; none","1.45 A","./target.php?radio=27363731750063369|dtyw|193:A or 301:A or 370:A or 547:A or 493:A|-0.9302,0.1307,-0.3429,-29.737,-0.2725,0.3799,0.8840,2.847,0.2458,0.9158,-0.3178,24.148,0.0,0.0,0.0,1.0&db=afhuman&afid=Q12830"
"Q8IWB6","INACTIVE SERINE/THREONINE-PROTEIN KINASE TEX14","Y; Q; S; Q; Y;","A  80   ; A 127   ; B  35   ; B 127   ; C 166   ;","A 366   ; A 370   ; A 284   ; A 418   ; A 485   ;","none; none; none; none; none","1.46 A","./target.php?radio=27363731750063369|ktqi|366:A or 370:A or 284:A or 418:A or 485:A|0.2875,0.0827,-0.9542,-31.227,0.5562,0.7966,0.2367,0.049,0.7797,-0.5988,0.1831,8.261,0.0,0.0,0.0,1.0&db=afhuman&afid=Q8IWB6"
"Q9HCG7","NON-LYSOSOMAL GLUCOSYLCERAMIDASE","Y; Q; S; S; Q;","A  80   ; A 127   ; B  35   ; C  35   ; C 127   ;","A 180   ; A 174   ; A 464   ; A  16   ; A 244   ;","none; none; none; none; none","1.47 A","./target.php?radio=27363731750063369|vvqa|180:A or 174:A or 464:A or 16:A or 244:A|-0.6830,-0.1006,-0.7235,-30.731,-0.4565,-0.7144,0.5303,1.229,-0.5702,0.6925,0.4420,-6.778,0.0,0.0,0.0,1.0&db=afhuman&afid=Q9HCG7"
"Q6IE37","OVOSTATIN HOMOLOG 1","S; Y; Y; S; Q;","A  35   ; A  80   ; A 166   ; B  35   ; C 127   ;","A 785   ; A1142   ; A1172   ; A 985   ; A1077   ;","none; none; none; none; none","1.48 A","./target.php?radio=27363731750063369|czfv|785:A or 1142:A or 1172:A or 985:A or 1077:A|0.4309,0.0609,0.9003,-37.906,0.0863,0.9904,-0.1083,12.007,-0.8983,0.1244,0.4215,-34.340,0.0,0.0,0.0,1.0&db=afhuman&afid=Q6IE37"
"O15050","TPR AND ANKYRIN REPEAT-CONTAINING PROTEIN 1","S; Q; S; Q; Q;","A  35   ; A 127   ; B  35   ; B 127   ; C 127   ;","A 825   ; A 800   ; A 639   ; A 562   ; A 542   ;","none; none; none; none; none","1.48 A","./target.php?radio=27363731750063369|zouo|825:A or 800:A or 639:A or 562:A or 542:A|0.3923,0.4578,-0.7978,-30.034,-0.6839,-0.4348,-0.5858,-18.035,-0.6151,0.7754,0.1425,-0.475,0.0,0.0,0.0,1.0&db=afhuman&afid=O15050"
"Q13635","PROTEIN PATCHED HOMOLOG 1","Q; S; S; Y; Y;","A 127   ; B  35   ; C  35   ; C  80   ; C 166   ;","A 413   ; A 438   ; A 937   ; A 804   ; A 977   ;","none; none; none; none; none","1.48 A","./target.php?radio=27363731750063369|veaa|413:A or 438:A or 937:A or 804:A or 977:A|0.8595,0.1275,0.4951,-14.083,0.4868,0.0918,-0.8687,-2.017,-0.1562,0.9876,0.0168,21.646,0.0,0.0,0.0,1.0&db=afhuman&afid=Q13635"
"Q5JWR5","PROTEIN DOPEY-1","S; Y; S; Y; Y;","A  35   ; A 166   ; C  35   ; C  80   ; C 166   ;","A1354   ; A1019   ; A1379   ; A1463   ; A1468   ;","none; none; none; none; none","1.48 A","./target.php?radio=27363731750063369|kkaq|1354:A or 1019:A or 1379:A or 1463:A or 1468:A|0.3900,-0.8810,-0.2680,-25.060,-0.3124,-0.4003,0.8615,-21.148,-0.8662,-0.2522,-0.4313,6.191,0.0,0.0,0.0,1.0&db=afhuman&afid=Q5JWR5"
"P98160","BASEMENT MEMBRANE-SPECIFIC HEPARAN SULFATE PROTEOGL","Q; S; Q; Y; Q;","A 127   ; B  35   ; B 127   ; B 166   ; C 127   ;","A1092   ; A 853   ; A 860   ; A 935   ; A 951   ;","none; none; none; none; none","1.48 A","./target.php?radio=27363731750063369|rrrn|1092:A or 853:A or 860:A or 935:A or 951:A|-0.7092,0.7029,-0.0545,-59.396,-0.4461,-0.5073,-0.7373,-17.903,-0.5459,-0.4986,0.6734,8.848,0.0,0.0,0.0,1.0&db=afhuman&afid=P98160"
"Q9UKZ4","TENEURIN-1","Q; S; Q; Y; Y;","A 127   ; B  35   ; B 127   ; B 166   ; C 166   ;","A  48   ; A 636   ; A 363   ; A 662   ; A 766   ;","none; none; none; none; none","1.49 A","./target.php?radio=27363731750063369|otzt|48:A or 636:A or 363:A or 662:A or 766:A|0.7711,0.2989,-0.5621,-17.089,0.1715,-0.9478,-0.2688,-0.557,-0.6131,0.1108,-0.7822,22.218,0.0,0.0,0.0,1.0&db=afhuman&afid=Q9UKZ4"
"Q8IYQ7","THREONINE SYNTHASE-LIKE 1","S; Y; Q; Y; S;","A  35   ; A  80   ; A 127   ; A 166   ; C  35   ;","A 349   ; A 482   ; A 479   ; A 318   ; A 125   ;","none; none; none; none; none","1.49 A","./target.php?radio=27363731750063369|mleo|349:A or 482:A or 479:A or 318:A or 125:A|-0.3350,0.4519,0.8268,-24.570,-0.8929,0.1280,-0.4317,11.948,-0.3009,-0.8828,0.3606,-2.353,0.0,0.0,0.0,1.0&db=afhuman&afid=Q8IYQ7"
"P78527","DNA-DEPENDENT PROTEIN KINASE CATALYTIC SUBUNIT","S; Y; S; Q; Q;","A  35   ; A 166   ; B  35   ; B 127   ; C 127   ;","A 675   ; A 568   ; A 363   ; A1183   ; A 508   ;","none; none; none; none; none","1.49 A","./target.php?radio=27363731750063369|ctet|675:A or 568:A or 363:A or 1183:A or 508:A|-0.3939,0.1994,-0.8972,-22.792,-0.6630,0.6144,0.4277,-19.776,0.6366,0.7634,-0.1098,22.179,0.0,0.0,0.0,1.0&db=afhuman&afid=P78527"
"Q6P158","PUTATIVE ATP-DEPENDENT RNA HELICASE DHX57","S; S; Y; Q; Y;","A  35   ; C  35   ; C  80   ; C 127   ; C 166   ;","A 931   ; A1325   ; A1280   ; A1227   ; A1222   ;","none; none; none; none; none","1.49 A","./target.php?radio=27363731750063369|dalb|931:A or 1325:A or 1280:A or 1227:A or 1222:A|0.4760,-0.2912,0.8298,-10.663,-0.3507,0.8025,0.4828,9.739,-0.8065,-0.5208,0.2799,0.544,0.0,0.0,0.0,1.0&db=afhuman&afid=Q6P158"
"P54803","GALACTOCEREBROSIDASE","Y; Q; Y; S; Y;","A  80   ; A 127   ; A 166   ; C  35   ; C 166   ;","A 173   ; A 216   ; A 125   ; A 281   ; A 313   ;","none; none; none; none; none","1.49 A","./target.php?radio=27363731750063369|vfws|173:A or 216:A or 125:A or 281:A or 313:A|0.7921,-0.4927,-0.3603,-9.189,0.1039,-0.4729,0.8750,22.393,-0.6015,-0.7305,-0.3234,12.862,0.0,0.0,0.0,1.0&db=afhuman&afid=P54803"
"Q9Y6R7","IGGFC-BINDING PROTEIN","S; Q; S; Q; S;","A  35   ; A 127   ; B  35   ; B 127   ; C  35   ;","A 501   ; A 326   ; A 475   ; A  39   ; A 181   ;","none; none; none; none; none","1.50 A","./target.php?radio=27363731750063369|reux|501:A or 326:A or 475:A or 39:A or 181:A|-0.8491,-0.2861,-0.4440,-31.740,0.2043,-0.9531,0.2234,23.089,-0.4871,0.0990,0.8677,-19.443,0.0,0.0,0.0,1.0&db=afhuman&afid=Q9Y6R7"
"Q9UNU6","7-ALPHA-HYDROXYCHOLEST-4-EN-3-ONE 12-ALPHA-HYDROXYL","S; Q; S; Q; Q;","A  35   ; A 127   ; B  35   ; B 127   ; C 127   ;","A 245   ; A 272   ; A 291   ; A 486   ; A  71   ;","none; none; none; none; none","1.50 A","./target.php?radio=27363731750063369|xqnc|245:A or 272:A or 291:A or 486:A or 71:A|-0.1986,0.8607,-0.4688,-35.283,0.9526,0.0570,-0.2988,-0.990,-0.2304,-0.5059,-0.8312,18.253,0.0,0.0,0.0,1.0&db=afhuman&afid=Q9UNU6"
"Q5T011","KICSTOR COMPLEX PROTEIN SZT2","S; Y; S; Q; Y;","B  35   ; B 166   ; C  35   ; C 127   ; C 166   ;","A 876   ; A 605   ; A1188   ; A1260   ; A1286   ;","none; none; none; none; none","1.50 A","./target.php?radio=27363731750063369|ukmn|876:A or 605:A or 1188:A or 1260:A or 1286:A|-0.7010,-0.5370,-0.4693,-41.854,-0.6728,0.7163,0.1852,-10.721,0.2367,0.4455,-0.8634,50.205,0.0,0.0,0.0,1.0&db=afhuman&afid=Q5T011"
"Q8IY21","PROBABLE ATP-DEPENDENT RNA HELICASE DDX60","Y; Q; Y; S; Q;","A  80   ; A 127   ; B 166   ; C  35   ; C 127   ;","A1412   ; A1620   ; A 542   ; A1472   ; A1700   ;","none; none; none; none; none","1.50 A","./target.php?radio=27363731750063369|fbhw|1412:A or 1620:A or 542:A or 1472:A or 1700:A|0.2066,0.6927,0.6910,-38.801,0.2058,0.6597,-0.7228,1.975,-0.9565,0.2916,-0.0062,3.832,0.0,0.0,0.0,1.0&db=afhuman&afid=Q8IY21"
"O15438","ATP-BINDING CASSETTE SUB-FAMILY C MEMBER 3","S; S; Y; Q; Y;","A  35   ; B  35   ; B 166   ; C 127   ; C 166   ;","A 364   ; A1184   ; A1148   ; A1039   ; A 530   ;","none; none; none; none; none","1.50 A","./target.php?radio=27363731750063369|bupv|364:A or 1184:A or 1148:A or 1039:A or 530:A|0.5284,-0.8134,0.2434,-19.560,0.7527,0.5814,0.3090,-2.175,-0.3928,0.0199,0.9194,24.144,0.0,0.0,0.0,1.0&db=afhuman&afid=O15438"
"Q8WUJ3","CELL MIGRATION-INDUCING AND HYALURONAN-BINDING PROT","Y; S; Q; Q; Y;","A 166   ; B  35   ; B 127   ; C 127   ; C 166   ;","A1009   ; A 819   ; A1003   ; A1121   ; A1130   ;","none; none; none; none; none","1.50 A","./target.php?radio=27363731750063369|onub|1009:A or 819:A or 1003:A or 1121:A or 1130:A|0.5850,-0.6714,-0.4550,-36.971,0.1588,0.6449,-0.7476,-28.658,0.7953,0.3651,0.4839,9.608,0.0,0.0,0.0,1.0&db=afhuman&afid=Q8WUJ3"
"Q4VNC0","PROBABLE CATION-TRANSPORTING ATPASE 13A5","Q; Y; S; Y; Q;","A 127   ; A 166   ; C  35   ; C  80   ; C 127   ;","A 839   ; A 802   ; A 514   ; A 650   ; A 653   ;","none; none; none; none; none","1.50 A","./target.php?radio=27363731750063369|upld|839:A or 802:A or 514:A or 650:A or 653:A|0.6815,0.7090,-0.1813,-25.002,0.5211,-0.2963,0.8004,18.423,0.5138,-0.6400,-0.5714,-9.389,0.0,0.0,0.0,1.0&db=afhuman&afid=Q4VNC0"
"O43157","PLEXIN-B1","Q; Y; Y; Q; Y;","A 127   ; A 166   ; C  80   ; C 127   ; C 166   ;","A  90   ; A 142   ; A 355   ; A 238   ; A 247   ;","none; none; none; none; none","1.50 A","./target.php?radio=27363731750063369|ydkb|90:A or 142:A or 355:A or 238:A or 247:A|-0.7953,-0.4497,0.4065,-2.932,-0.1969,0.8259,0.5283,7.928,-0.5733,0.3401,-0.7454,6.885,0.0,0.0,0.0,1.0&db=afhuman&afid=O43157"
"O94832","UNCONVENTIONAL MYOSIN-ID","S; Y; Q; S; Y;","A  35   ; A  80   ; A 127   ; C  35   ; C  80   ;","A 212   ; A 268   ; A 265   ; A  93   ; A  86   ;","none; none; none; none; none","1.50 A","./target.php?radio=27363731750063369|micr|212:A or 268:A or 265:A or 93:A or 86:A|0.5242,-0.8490,-0.0657,-6.093,0.7684,0.4383,0.4663,4.476,-0.3671,-0.2949,0.8822,23.025,0.0,0.0,0.0,1.0&db=afhuman&afid=O94832"
"P52888","THIMET OLIGOPEPTIDASE","Y; Y; Q; Q; Y;","A  80   ; A 166   ; B 127   ; C 127   ; C 166   ;","A 397   ; A 471   ; A 353   ; A 668   ; A 610   ;","none; none; none; none; none","1.51 A","./target.php?radio=27363731750063369|sijn|397:A or 471:A or 353:A or 668:A or 610:A|0.2557,0.2991,0.9193,-10.608,-0.5944,-0.7013,0.3935,10.632,0.7624,-0.6471,-0.0015,8.626,0.0,0.0,0.0,1.0&db=afhuman&afid=P52888"
"O94822","E3 UBIQUITIN-PROTEIN LIGASE LISTERIN","S; Q; S; Q; Q;","A  35   ; A 127   ; B  35   ; B 127   ; C 127   ;","A 531   ; A 455   ; A 832   ; A 780   ; A 674   ;","none; none; none; none; none","1.51 A","./target.php?radio=27363731750063369|qyli|531:A or 455:A or 832:A or 780:A or 674:A|0.8028,0.1919,-0.5645,-73.838,0.5931,-0.1587,0.7894,-5.407,0.0619,-0.9685,-0.2412,1.534,0.0,0.0,0.0,1.0&db=afhuman&afid=O94822"
"Q9C000","NACHT, LRR AND PYD DOMAINS-CONTAINING PROTEIN 1","S; Q; S; Q; Y;","A  35   ; A 127   ; B  35   ; B 127   ; C 166   ;","A 923   ; A 865   ; A 903   ; A 774   ; A 723   ;","none; none; none; none; none","1.51 A","./target.php?radio=27363731750063369|zmqw|923:A or 865:A or 903:A or 774:A or 723:A|0.9508,0.2654,0.1599,-13.037,0.2794,-0.9574,-0.0726,2.041,0.1338,0.1137,-0.9845,25.656,0.0,0.0,0.0,1.0&db=afhuman&afid=Q9C000"
"Q7Z4L5","TETRATRICOPEPTIDE REPEAT PROTEIN 21B","Y; Q; Y; S; Y;","A  80   ; A 127   ; A 166   ; B  35   ; C 166   ;","A1247   ; A1245   ; A1254   ; A1090   ; A 968   ;","none; none; none; none; none","1.51 A","./target.php?radio=27363731750063369|dato|1247:A or 1245:A or 1254:A or 1090:A or 968:A|0.8976,0.4405,0.0160,34.311,0.4399,-0.8929,-0.0963,23.794,-0.0282,0.0935,-0.9952,65.070,0.0,0.0,0.0,1.0&db=afhuman&afid=Q7Z4L5"
"Q02446","TRANSCRIPTION FACTOR SP4","Q; S; Q; S; Q;","A 127   ; B  35   ; B 127   ; C  35   ; C 127   ;","A 438   ; A 479   ; A 426   ; A 392   ; A 395   ;","none; none; none; none; none","1.52 A","./target.php?radio=27363731750063369|ylwf|438:A or 479:A or 426:A or 392:A or 395:A|-0.7277,-0.4169,0.5446,-20.846,0.3269,0.4872,0.8098,-8.872,-0.6030,0.7673,-0.2182,-29.788,0.0,0.0,0.0,1.0&db=afhuman&afid=Q02446"
"Q14643","INOSITOL 1,4,5-TRISPHOSPHATE RECEPTOR TYPE 1","S; Q; Y; Q; Q;","A  35   ; A 127   ; A 166   ; B 127   ; C 127   ;","A 854   ; A 846   ; A 798   ; A 789   ; A 924   ;","none; none; none; none; none","1.52 A","./target.php?radio=27363731750063369|xeqv|854:A or 846:A or 798:A or 789:A or 924:A|-0.9401,0.3406,-0.0111,-34.359,0.1421,0.3623,-0.9212,-2.923,-0.3097,-0.8676,-0.3890,39.343,0.0,0.0,0.0,1.0&db=afhuman&afid=Q14643"
"Q5SGD2","PROTEIN PHOSPHATASE 1L","Y; Q; Y; Q; Y;","A  80   ; A 127   ; A 166   ; C 127   ; C 166   ;","A 337   ; A 334   ; A  96   ; A 172   ; A 138   ;","none; none; none; none; none","1.53 A","./target.php?radio=27363731750063369|ybpf|337:A or 334:A or 96:A or 172:A or 138:A|0.8312,-0.3579,-0.4254,-20.904,0.3979,0.9174,0.0055,20.113,0.3883,-0.1738,0.9050,11.847,0.0,0.0,0.0,1.0&db=afhuman&afid=Q5SGD2"
"P22309","UDP-GLUCURONOSYLTRANSFERASE 1A1","S; Y; Q; Y; Q;","A  35   ; A 166   ; B 127   ; C  80   ; C 127   ;","A  65   ; A 230   ; A 219   ; A 484   ; A 485   ;","none; none; none; none; none","1.53 A","./target.php?radio=27363731750063369|vabn|65:A or 230:A or 219:A or 484:A or 485:A|0.9796,0.1433,0.1406,-37.084,0.1232,0.1240,-0.9846,0.271,-0.1585,0.9819,0.1038,9.280,0.0,0.0,0.0,1.0&db=afhuman&afid=P22309"
"Q8TET4","NEUTRAL ALPHA-GLUCOSIDASE C","Q; S; Q; Y; Y;","A 127   ; B  35   ; B 127   ; B 166   ; C  80   ;","A 523   ; A 362   ; A 355   ; A 814   ; A  75   ;","none; none; none; none; none","1.53 A","./target.php?radio=27363731750063369|krbk|523:A or 362:A or 355:A or 814:A or 75:A|-0.8312,0.4058,-0.3801,-22.381,0.4671,0.1386,-0.8733,-3.095,-0.3017,-0.9034,-0.3047,12.113,0.0,0.0,0.0,1.0&db=afhuman&afid=Q8TET4"
"Q86YZ3","HORNERIN","S; S; S; Y; Q;","A  35   ; B  35   ; C  35   ; C  80   ; C 127   ;","A1081   ; A 559   ; A 533   ; A 536   ; A1099   ;","none; none; none; none; none","1.54 A","./target.php?radio=27363731750063369|kaob|1081:A or 559:A or 533:A or 536:A or 1099:A|-0.7606,-0.5875,0.2764,-92.369,0.4314,-0.1391,0.8913,-53.041,-0.4852,0.7972,0.3593,-15.735,0.0,0.0,0.0,1.0&db=afhuman&afid=Q86YZ3"
"Q9P273","TENEURIN-3","S; Y; Y; S; S;","A  35   ; A  80   ; A 166   ; B  35   ; C  35   ;","A2272   ; A2044   ; A2019   ; A2008   ; A1676   ;","none; none; none; none; none","1.54 A","./target.php?radio=27363731750063369|nsot|2272:A or 2044:A or 2019:A or 2008:A or 1676:A|-0.0686,0.0135,0.9976,-17.932,-0.7778,0.6254,-0.0620,29.500,-0.6248,-0.7801,-0.0323,22.423,0.0,0.0,0.0,1.0&db=afhuman&afid=Q9P273"
"Q8IWB6","INACTIVE SERINE/THREONINE-PROTEIN KINASE TEX14","S; Q; S; Q; Y;","A  35   ; A 127   ; B  35   ; B 127   ; C 166   ;","A 300   ; A 370   ; A 284   ; A 418   ; A 485   ;","none; none; none; none; none","1.54 A","./target.php?radio=27363731750063369|ktqi|300:A or 370:A or 284:A or 418:A or 485:A|0.2772,0.0829,-0.9572,-31.019,0.5486,0.8043,0.2285,0.201,0.7888,-0.5885,0.1775,8.410,0.0,0.0,0.0,1.0&db=afhuman&afid=Q8IWB6"
"Q7Z2H8","PROTON-COUPLED AMINO ACID TRANSPORTER 1","Q; S; Y; Q; Y;","B 127   ; C  35   ; C  80   ; C 127   ; C 166   ;","A 461   ; A 221   ; A 158   ; A 350   ; A 339   ;","none; none; none; none; none","1.54 A","./target.php?radio=27363731750063369|dfmn|461:A or 221:A or 158:A or 350:A or 339:A|-0.8271,-0.5465,-0.1315,-20.587,-0.1389,0.4253,-0.8943,19.080,0.5447,-0.7214,-0.4277,24.384,0.0,0.0,0.0,1.0&db=afhuman&afid=Q7Z2H8"
"O60494","CUBILIN","Q; Y; Y; S; Y;","A 127   ; A 166   ; B 166   ; C  35   ; C  80   ;","A 903   ; A 907   ; A1222   ; A 628   ; A 743   ;","none; none; none; none; none","1.54 A","./target.php?radio=27363731750063369|eikf|903:A or 907:A or 1222:A or 628:A or 743:A|0.0445,-0.5638,0.8247,-12.080,-0.8102,-0.5033,-0.3004,20.400,0.5845,-0.6548,-0.4792,0.683,0.0,0.0,0.0,1.0&db=afhuman&afid=O60494"
"Q9BUK6","PROTEIN MISATO HOMOLOG 1","Q; Y; Q; Y; Q;","A 127   ; A 166   ; B 127   ; C  80   ; C 127   ;","A 274   ; A 183   ; A 208   ; A  51   ; A  28   ;","none; none; none; none; none","1.55 A","./target.php?radio=27363731750063369|vtca|274:A or 183:A or 208:A or 51:A or 28:A|0.5784,-0.6233,0.5262,-25.816,0.3035,-0.4343,-0.8481,18.913,0.7572,0.6503,-0.0621,19.842,0.0,0.0,0.0,1.0&db=afhuman&afid=Q9BUK6"
"P32298","G PROTEIN-COUPLED RECEPTOR KINASE 4","S; Y; Y; Q; Y;","A  35   ; A  80   ; C  80   ; C 127   ; C 166   ;","A  24   ; A 190   ; A 377   ; A 381   ; A 352   ;","none; none; none; none; none","1.55 A","./target.php?radio=27363731750063369|dqeu|24:A or 190:A or 377:A or 381:A or 352:A|0.6331,-0.5164,0.5766,-9.664,-0.2843,0.5378,0.7937,-1.434,-0.7200,-0.6664,0.1937,11.876,0.0,0.0,0.0,1.0&db=afhuman&afid=P32298"
"Q5T4S7","E3 UBIQUITIN-PROTEIN LIGASE UBR4","S; Y; S; Y; Q;","A  35   ; B 166   ; C  35   ; C  80   ; C 127   ;","A1060   ; A 370   ; A 241   ; A 298   ; A 236   ;","none; none; none; none; none","1.55 A","./target.php?radio=27363731750063369|fqdj|1060:A or 370:A or 241:A or 298:A or 236:A|0.3026,-0.1111,-0.9466,-32.607,-0.2954,0.9333,-0.2040,17.149,0.9062,0.3414,0.2496,7.599,0.0,0.0,0.0,1.0&db=afhuman&afid=Q5T4S7"
"Q02817","MUCIN-2","S; Y; Q; Q; Y;","A  35   ; A 166   ; B 127   ; C 127   ; C 166   ;","A1181   ; A 981   ; A1144   ; A 900   ; A 905   ;","none; none; none; none; none","1.55 A","./target.php?radio=27363731750063369|iiic|1181:A or 981:A or 1144:A or 900:A or 905:A|0.9336,0.2784,0.2257,-18.331,-0.0073,-0.6149,0.7886,16.076,0.3583,-0.7378,-0.5720,7.826,0.0,0.0,0.0,1.0&db=afhuman&afid=Q02817"
"Q9NQI0","PROBABLE ATP-DEPENDENT RNA HELICASE DDX4","Y; Q; Y; S; Q;","A  80   ; A 127   ; A 166   ; B  35   ; C 127   ;","A 271   ; A 333   ; A 262   ; A 566   ; A 414   ;","none; none; none; none; none","1.55 A","./target.php?radio=27363731750063369|vkzd|271:A or 333:A or 262:A or 566:A or 414:A|-0.1661,0.6545,0.7376,-30.725,-0.9066,-0.3956,0.1469,11.131,0.3879,-0.6443,0.6591,10.932,0.0,0.0,0.0,1.0&db=afhuman&afid=Q9NQI0"
"Q9UKZ4","TENEURIN-1","Q; S; Q; Y; Y;","A 127   ; B  35   ; B 127   ; B 166   ; C 166   ;","A 248   ; A 836   ; A 563   ; A 862   ; A 966   ;","none; none; none; none; none","1.55 A","./target.php?radio=27363731750063369|ywgy|248:A or 836:A or 563:A or 862:A or 966:A|-0.4745,0.2627,0.8402,-24.201,-0.3493,-0.9323,0.0942,-6.223,0.8080,-0.2488,0.5341,23.702,0.0,0.0,0.0,1.0&db=afhuman&afid=Q9UKZ4"
"Q7Z3Z3","PIWI-LIKE PROTEIN 3","Y; Y; S; Q; Y;","A  80   ; A 166   ; B  35   ; B 127   ; C  80   ;","A 834   ; A 815   ; A 665   ; A 730   ; A 225   ;","none; none; none; none; none","1.55 A","./target.php?radio=27363731750063369|cyjp|834:A or 815:A or 665:A or 730:A or 225:A|0.1839,0.7101,0.6797,-33.010,-0.9023,0.3963,-0.1699,3.675,-0.3900,-0.5820,0.7136,9.868,0.0,0.0,0.0,1.0&db=afhuman&afid=Q7Z3Z3"
"Q9NR90","DELETED IN AZOOSPERMIA PROTEIN 3","Y; Q; Y; Y; Y;","A 166   ; B 127   ; B 166   ; C  80   ; C 166   ;","A 285   ; A 358   ; A 435   ; A 350   ; A 302   ;","none; none; none; none; none","1.56 A","./target.php?radio=27363731750063369|yrol|285:A or 358:A or 435:A or 350:A or 302:A|-0.7961,0.5977,-0.0945,-11.174,0.1635,0.3628,0.9174,1.156,0.5826,0.7149,-0.3865,12.833,0.0,0.0,0.0,1.0&db=afhuman&afid=Q9NR90"
"P08519","APOLIPOPROTEIN(A)","S; Q; S; Q; Y;","A  35   ; A 127   ; B  35   ; B 127   ; C  80   ;","A  31   ; A 100   ; A 399   ; A 388   ; A 260   ;","none; none; none; none; none","1.56 A","./target.php?radio=27363731750063369|asrf|31:A or 100:A or 399:A or 388:A or 260:A|0.8043,0.1295,0.5800,5.555,-0.5472,0.5421,0.6377,-15.521,-0.2319,-0.8302,0.5069,10.549,0.0,0.0,0.0,1.0&db=afhuman&afid=P08519"
"Q8WXH0","NESPRIN-2","Q; Q; S; Y; Q;","A 127   ; B 127   ; C  35   ; C  80   ; C 127   ;","A1379   ; A 838   ; A 934   ; A 854   ; A 855   ;","none; none; none; none; none","1.56 A","./target.php?radio=27363731750063369|ydfh|1379:A or 838:A or 934:A or 854:A or 855:A|-0.9111,0.2651,-0.3157,-18.923,0.3817,0.8316,-0.4035,-30.850,0.1555,-0.4881,-0.8588,-11.926,0.0,0.0,0.0,1.0&db=afhuman&afid=Q8WXH0"
"Q9UKZ4","TENEURIN-1","Y; Q; S; Q; Y;","A  80   ; A 127   ; B  35   ; B 127   ; B 166   ;","A 615   ; A 625   ; A1007   ; A 995   ; A 501   ;","none; none; none; none; none","1.56 A","./target.php?radio=27363731750063369|glia|615:A or 625:A or 1007:A or 995:A or 501:A|-0.7674,-0.1805,0.6152,-18.428,0.6068,0.1053,0.7878,1.094,-0.2070,0.9779,0.0287,7.820,0.0,0.0,0.0,1.0&db=afhuman&afid=Q9UKZ4"
"P04275","VON WILLEBRAND FACTOR","Q; Y; Q; S; Q;","A 127   ; A 166   ; B 127   ; C  35   ; C 127   ;","A 432   ; A 707   ; A 728   ; A 629   ; A 490   ;","none; none; none; none; none","1.56 A","./target.php?radio=27363731750063369|aidq|432:A or 707:A or 728:A or 629:A or 490:A|-0.1412,-0.3970,-0.9069,-17.422,0.8719,-0.4837,0.0760,35.359,-0.4688,-0.7800,0.4145,6.044,0.0,0.0,0.0,1.0&db=afhuman&afid=P04275"
"Q8TDJ6","DMX-LIKE PROTEIN 2","S; Y; S; S; Q;","A  35   ; A  80   ; B  35   ; C  35   ; C 127   ;","A 662   ; A 625   ; A 647   ; A1256   ; A1399   ;","none; none; none; none; none","1.56 A","./target.php?radio=27363731750063369|txzv|662:A or 625:A or 647:A or 1256:A or 1399:A|-0.1598,-0.3114,0.9368,-31.425,0.9568,0.1848,0.2246,15.569,-0.2430,0.9321,0.2684,-4.407,0.0,0.0,0.0,1.0&db=afhuman&afid=Q8TDJ6"
"O15393","TRANSMEMBRANE PROTEASE SERINE 2","Y; Q; Y; S; S;","A  80   ; A 127   ; A 166   ; B  35   ; C  35   ;","A  20   ; A 438   ; A 474   ; A 251   ; A 137   ;","none; none; none; none; none","1.56 A","./target.php?radio=27363731750063369|xeqd|20:A or 438:A or 474:A or 251:A or 137:A|0.1579,-0.9244,0.3471,-22.841,0.5567,0.3737,0.7420,9.426,-0.8156,0.0761,0.5736,14.312,0.0,0.0,0.0,1.0&db=afhuman&afid=O15393"
"O75643","U5 SMALL NUCLEAR RIBONUCLEOPROTEIN 200 KDA HELICASE","S; Y; S; Q; Q;","A  35   ; A  80   ; B  35   ; B 127   ; C 127   ;","A1087   ; A1001   ; A 118   ; A1038   ; A 204   ;","none; none; none; none; none","1.56 A","./target.php?radio=27363731750063369|vomy|1087:A or 1001:A or 118:A or 1038:A or 204:A|0.3463,0.6279,-0.6970,-16.735,0.0865,-0.7612,-0.6428,5.837,-0.9341,0.1623,-0.3179,-39.157,0.0,0.0,0.0,1.0&db=afhuman&afid=O75643"
"Q6VVX0","VITAMIN D 25-HYDROXYLASE","S; Q; S; Y; Q;","A  35   ; A 127   ; B  35   ; C  80   ; C 127   ;","A 225   ; A 245   ; A 406   ; A 146   ; A 151   ;","none; none; none; none; none","1.57 A","./target.php?radio=27363731750063369|zeoz|225:A or 245:A or 406:A or 146:A or 151:A|0.9369,-0.0826,0.3397,-28.306,-0.2445,0.5397,0.8056,3.045,-0.2499,-0.8378,0.4854,16.034,0.0,0.0,0.0,1.0&db=afhuman&afid=Q6VVX0"
"Q96ME1","F-BOX/LRR-REPEAT PROTEIN 18","S; Q; Q; S; Q;","A  35   ; A 127   ; B 127   ; C  35   ; C 127   ;","A 148   ; A 786   ; A 617   ; A 472   ; A 529   ;","none; none; none; none; none","1.57 A","./target.php?radio=27363731750063369|zhuo|148:A or 786:A or 617:A or 472:A or 529:A|0.9815,-0.1886,-0.0342,-16.938,-0.1798,-0.8437,-0.5058,4.588,0.0665,0.5026,-0.8620,6.447,0.0,0.0,0.0,1.0&db=afhuman&afid=Q96ME1"
"O43548","PROTEIN-GLUTAMINE GAMMA-GLUTAMYLTRANSFERASE 5","S; Q; Y; Q; Y;","A  35   ; B 127   ; B 166   ; C 127   ; C 166   ;","A 647   ; A 170   ; A 183   ; A 418   ; A 317   ;","none; none; none; none; none","1.57 A","./target.php?radio=27363731750063369|auql|647:A or 170:A or 183:A or 418:A or 317:A|-0.3231,0.7402,-0.5896,-22.771,0.6017,-0.3202,-0.7317,-10.572,-0.7304,-0.5912,-0.3420,26.035,0.0,0.0,0.0,1.0&db=afhuman&afid=O43548"
"P27708","CAD PROTEIN","Q; Y; Q; Y; S;","A 127   ; A 166   ; B 127   ; B 166   ; C  35   ;","A 913   ; A 704   ; A 429   ; A1794   ; A1162   ;","none; none; none; none; none","1.57 A","./target.php?radio=27363731750063369|fesk|913:A or 704:A or 429:A or 1794:A or 1162:A|-0.2264,0.8790,-0.4196,-10.633,-0.6085,-0.4640,-0.6438,14.538,-0.7606,0.1096,0.6399,10.269,0.0,0.0,0.0,1.0&db=afhuman&afid=P27708"
"P15848","ARYLSULFATASE B","S; S; Q; Y; Q;","A  35   ; B  35   ; B 127   ; C  80   ; C 127   ;","A 488   ; A 509   ; A  97   ; A 210   ; A 246   ;","none; none; none; none; none","1.57 A","./target.php?radio=27363731750063369|cwcb|488:A or 509:A or 97:A or 210:A or 246:A|-0.9498,-0.1377,0.2809,-22.274,-0.0595,-0.8020,-0.5944,2.105,0.3071,-0.5813,0.7535,24.545,0.0,0.0,0.0,1.0&db=afhuman&afid=P15848"
"Q15021","CONDENSIN COMPLEX SUBUNIT 1","S; Q; S; Q; Y;","B  35   ; B 127   ; C  35   ; C 127   ; C 166   ;","A1261   ; A1232   ; A 728   ; A1144   ; A 646   ;","none; none; none; none; none","1.57 A","./target.php?radio=27363731750063369|cfvn|1261:A or 1232:A or 728:A or 1144:A or 646:A|-0.8167,0.4707,-0.3338,-2.186,0.3698,0.8710,0.3233,14.163,0.4430,0.1406,-0.8854,14.722,0.0,0.0,0.0,1.0&db=afhuman&afid=Q15021"
"Q8IWU6","EXTRACELLULAR SULFATASE SULF-1","S; Y; Y; Q; Y;","A  35   ; A 166   ; B 166   ; C 127   ; C 166   ;","A  90   ; A 776   ; A 683   ; A 446   ; A 438   ;","none; none; none; none; none","1.57 A","./target.php?radio=27363731750063369|iqqh|90:A or 776:A or 683:A or 446:A or 438:A|0.9633,0.0314,-0.2664,-22.936,-0.1026,-0.8744,-0.4742,4.362,-0.2479,0.4842,-0.8391,-16.060,0.0,0.0,0.0,1.0&db=afhuman&afid=Q8IWU6"
"P06737","GLYCOGEN PHOSPHORYLASE, LIVER FORM","Q; S; Q; Y; Y;","A 127   ; B  35   ; B 127   ; C  80   ; C 166   ;","A 296   ; A 473   ; A 481   ; A 512   ; A 234   ;","none; none; none; none; none","1.57 A","./target.php?radio=27363731750063369|dmzh|296:A or 473:A or 481:A or 512:A or 234:A|0.0719,0.9026,0.4245,-26.340,-0.9855,-0.0014,0.1699,14.610,0.1539,-0.4305,0.8894,9.362,0.0,0.0,0.0,1.0&db=afhuman&afid=P06737"
"O14529","HOMEOBOX PROTEIN CUT-LIKE 2","S; Q; Y; Y; Y;","A  35   ; A 127   ; B 166   ; C  80   ; C 166   ;","A  41   ; A  83   ; A 871   ; A1130   ; A1135   ;","none; none; none; none; none","1.57 A","./target.php?radio=27363731750063369|dlum|41:A or 83:A or 871:A or 1130:A or 1135:A|-0.2197,-0.9752,-0.0282,-23.958,-0.9679,0.2215,-0.1187,-7.654,0.1220,0.0012,-0.9925,22.466,0.0,0.0,0.0,1.0&db=afhuman&afid=O14529"
"O15230","LAMININ SUBUNIT ALPHA-5","S; Q; Y; S; Y;","A  35   ; B 127   ; B 166   ; C  35   ; C 166   ;","A 240   ; A 607   ; A 209   ; A 918   ; A 893   ;","none; none; none; none; none","1.57 A","./target.php?radio=27363731750063369|rwwk|240:A or 607:A or 209:A or 918:A or 893:A|-0.0649,-0.9407,0.3329,-8.782,-0.6488,-0.2137,-0.7303,-7.893,0.7582,-0.2634,-0.5965,0.603,0.0,0.0,0.0,1.0&db=afhuman&afid=O15230"
"Q9Y485","DMX-LIKE PROTEIN 1","S; Q; S; Q; Y;","A  35   ; B 127   ; C  35   ; C 127   ; C 166   ;","A 951   ; A1306   ; A1226   ; A1275   ; A1220   ;","none; none; none; none; none","1.58 A","./target.php?radio=27363731750063369|dzzw|951:A or 1306:A or 1226:A or 1275:A or 1220:A|-0.7922,0.1802,0.5830,-45.750,-0.5602,0.1640,-0.8119,6.709,-0.2419,-0.9699,-0.0290,-16.403,0.0,0.0,0.0,1.0&db=afhuman&afid=Q9Y485"
"Q8IWV8","E3 UBIQUITIN-PROTEIN LIGASE UBR2","Y; Q; Q; Y; S;","A  80   ; A 127   ; B 127   ; B 166   ; C  35   ;","A 279   ; A 282   ; A1648   ; A1664   ; A 418   ;","none; none; none; none; none","1.58 A","./target.php?radio=27363731750063369|szdx|279:A or 282:A or 1648:A or 1664:A or 418:A|0.1914,-0.4490,-0.8728,-21.426,0.5861,-0.6610,0.4686,5.117,-0.7873,-0.6012,0.1367,43.099,0.0,0.0,0.0,1.0&db=afhuman&afid=Q8IWV8"
"Q99698","LYSOSOMAL-TRAFFICKING REGULATOR","Y; S; S; Y; Q;","A  80   ; B  35   ; C  35   ; C  80   ; C 127   ;","A1125   ; A1282   ; A 990   ; A 966   ; A1057   ;","none; none; none; none; none","1.58 A","./target.php?radio=27363731750063369|bwjj|1125:A or 1282:A or 990:A or 966:A or 1057:A|-0.4235,0.7150,-0.5563,-31.163,-0.8298,-0.0597,0.5548,45.682,0.3635,0.6966,0.6186,11.862,0.0,0.0,0.0,1.0&db=afhuman&afid=Q99698"
"Q92839","HYALURONAN SYNTHASE 1","Y; Q; S; Q; Y;","A 166   ; B 127   ; C  35   ; C 127   ; C 166   ;","A 160   ; A 318   ; A 275   ; A 375   ; A 110   ;","none; none; none; none; none","1.58 A","./target.php?radio=27363731750063369|oqlj|160:A or 318:A or 275:A or 375:A or 110:A|0.5828,-0.6090,0.5380,-19.266,0.1714,-0.5550,-0.8140,11.592,0.7944,0.5666,-0.2191,34.028,0.0,0.0,0.0,1.0&db=afhuman&afid=Q92839"
"Q92542","NICASTRIN","S; S; Q; Q; Y;","A  35   ; B  35   ; B 127   ; C 127   ; C 166   ;","A 151   ; A 137   ; A 367   ; A 313   ; A 499   ;","none; none; none; none; none","1.58 A","./target.php?radio=27363731750063369|ziiy|151:A or 137:A or 367:A or 313:A or 499:A|-0.1584,-0.6760,0.7197,-32.596,-0.9119,0.3796,0.1558,-5.087,-0.3785,-0.6316,-0.6766,20.129,0.0,0.0,0.0,1.0&db=afhuman&afid=Q92542"
"P08519","APOLIPOPROTEIN(A)","Y; Q; Y; Y; Y;","A  80   ; A 127   ; A 166   ; B 166   ; C 166   ;","A1309   ; A1270   ; A1287   ; A 831   ; A1363   ;","none; none; none; none; none","1.58 A","./target.php?radio=27363731750063369|mjkt|1309:A or 1270:A or 1287:A or 831:A or 1363:A|-0.2736,-0.7952,-0.5411,-26.350,0.9378,-0.3455,0.0337,-5.716,-0.2137,-0.4982,0.8403,2.482,0.0,0.0,0.0,1.0&db=afhuman&afid=P08519"
"Q6PGP7","TETRATRICOPEPTIDE REPEAT PROTEIN 37","S; Y; Y; S; Q;","A  35   ; A  80   ; A 166   ; B  35   ; B 127   ;","A1166   ; A1159   ; A1235   ; A1399   ; A1331   ;","none; none; none; none; none","1.58 A","./target.php?radio=27363731750063369|pujs|1166:A or 1159:A or 1235:A or 1399:A or 1331:A|0.8824,0.3511,-0.3133,17.857,-0.0615,-0.5741,-0.8165,37.653,-0.4665,0.7397,-0.4850,7.816,0.0,0.0,0.0,1.0&db=afhuman&afid=Q6PGP7"
"Q7Z7M0","MULTIPLE EPIDERMAL GROWTH FACTOR-LIKE DOMAINS PROTE","Q; Y; S; S; Y;","A 127   ; A 166   ; B  35   ; C  35   ; C 166   ;","A 970   ; A1069   ; A 136   ; A1112   ; A1098   ;","none; none; none; none; none","1.58 A","./target.php?radio=27363731750063369|qfgq|970:A or 1069:A or 136:A or 1112:A or 1098:A|0.6617,-0.2444,-0.7088,-52.698,-0.7119,-0.5017,-0.4915,2.673,-0.2354,0.8298,-0.5059,-3.145,0.0,0.0,0.0,1.0&db=afhuman&afid=Q7Z7M0"
"P46059","SOLUTE CARRIER FAMILY 15 MEMBER 1","S; Y; Y; S; Y;","A  35   ; A  80   ; A 166   ; B  35   ; B 166   ;","A 174   ; A  64   ; A  56   ; A 312   ; A 554   ;","none; none; none; none; none","1.59 A","./target.php?radio=27363731750063369|iwuc|174:A or 64:A or 56:A or 312:A or 554:A|0.7074,0.1665,0.6869,-24.648,-0.1095,-0.9343,0.3392,2.710,0.6983,-0.3152,-0.6427,4.289,0.0,0.0,0.0,1.0&db=afhuman&afid=P46059"
"P35573","GLYCOGEN DEBRANCHING ENZYME","S; Y; Y; Q; Y;","A  35   ; A  80   ; A 166   ; C 127   ; C 166   ;","A1041   ; A 909   ; A1015   ; A 857   ; A1001   ;","none; none; none; none; none","1.59 A","./target.php?radio=27363731750063369|zziq|1041:A or 909:A or 1015:A or 857:A or 1001:A|-0.2741,0.1302,-0.9528,-7.990,-0.1321,0.9763,0.1714,-7.830,0.9526,0.1729,-0.2504,6.217,0.0,0.0,0.0,1.0&db=afhuman&afid=P35573"
"P0DPD8","EEF1AKMT4-ECE2 READTHROUGH TRANSCRIPT PROTEIN","Q; Y; Q; S; Y;","A 127   ; A 166   ; B 127   ; C  35   ; C 166   ;","A 806   ; A 795   ; A 594   ; A 667   ; A 681   ;","none; none; none; none; none","1.59 A","./target.php?radio=27363731750063369|repb|806:A or 795:A or 594:A or 667:A or 681:A|-0.8203,0.2969,0.4889,-0.432,-0.3976,-0.9104,-0.1143,15.307,0.4111,-0.2882,0.8648,15.776,0.0,0.0,0.0,1.0&db=afhuman&afid=P0DPD8"
"Q9HD67","UNCONVENTIONAL MYOSIN-X","S; Q; Y; Q; Y;","A  35   ; B 127   ; C  80   ; C 127   ; C 166   ;","A1105   ; A 231   ; A 121   ; A 120   ; A  95   ;","none; none; none; none; none","1.59 A","./target.php?radio=27363731750063369|woyo|1105:A or 231:A or 121:A or 120:A or 95:A|0.3740,-0.1007,-0.9219,-8.726,-0.9122,0.1395,-0.3853,-17.526,0.1674,0.9851,-0.0397,12.801,0.0,0.0,0.0,1.0&db=afhuman&afid=Q9HD67"
"O14686","HISTONE-LYSINE N-METHYLTRANSFERASE 2D","Q; Y; Q; S; Q;","A 127   ; A 166   ; B 127   ; C  35   ; C 127   ;","A 984   ; A 910   ; A1005   ; A1108   ; A1117   ;","none; none; none; none; none","1.59 A","./target.php?radio=27363731750063369|xtfq|984:A or 910:A or 1005:A or 1108:A or 1117:A|-0.4409,-0.8912,-0.1068,-35.651,0.8961,-0.4303,-0.1087,26.229,0.0509,-0.1437,0.9883,1.315,0.0,0.0,0.0,1.0&db=afhuman&afid=O14686"
"Q8WZ42","TITIN","S; Q; S; Y; Q;","A  35   ; B 127   ; C  35   ; C  80   ; C 127   ;","A 118   ; A 189   ; A 510   ; A 232   ; A 157   ;","none; none; none; none; none","1.59 A","./target.php?radio=27363731750063369|fvxn|118:A or 189:A or 510:A or 232:A or 157:A|-0.5621,0.4016,-0.7230,-28.973,-0.7160,-0.6738,0.1824,18.125,-0.4140,0.6202,0.6663,14.039,0.0,0.0,0.0,1.0&db=afhuman&afid=Q8WZ42"
"A0JNW5","UHRF1-BINDING PROTEIN 1-LIKE","S; Y; Q; S; Q;","A  35   ; A  80   ; A 127   ; B  35   ; C 127   ;","A 379   ; A 523   ; A 525   ; A 214   ; A 550   ;","none; none; none; none; none","1.59 A","./target.php?radio=27363731750063369|jzod|379:A or 523:A or 525:A or 214:A or 550:A|-0.4134,0.3095,-0.8564,-24.129,-0.8577,0.1834,0.4803,12.816,0.3057,0.9331,0.1896,4.856,0.0,0.0,0.0,1.0&db=afhuman&afid=A0JNW5"
"Q9NXZ2","PROBABLE ATP-DEPENDENT RNA HELICASE DDX43","S; Q; S; Q; Y;","A  35   ; B 127   ; C  35   ; C 127   ; C 166   ;","A  21   ; A 409   ; A 459   ; A 287   ; A 571   ;","none; none; none; none; none","1.59 A","./target.php?radio=27363731750063369|twbh|21:A or 409:A or 459:A or 287:A or 571:A|-0.9376,-0.1777,0.2989,-20.188,0.0662,0.7527,0.6550,6.134,-0.3414,0.6339,-0.6940,30.024,0.0,0.0,0.0,1.0&db=afhuman&afid=Q9NXZ2"
"Q5VV41","RHO GUANINE NUCLEOTIDE EXCHANGE FACTOR 16","S; Q; S; Q; Y;","B  35   ; B 127   ; C  35   ; C 127   ; C 166   ;","A 606   ; A 644   ; A 302   ; A 425   ; A 377   ;","none; none; none; none; none","1.60 A","./target.php?radio=27363731750063369|mjiq|606:A or 644:A or 302:A or 425:A or 377:A|-0.6766,-0.1049,-0.7289,-15.528,0.6034,0.4884,-0.6304,13.768,0.4221,-0.8663,-0.2671,19.433,0.0,0.0,0.0,1.0&db=afhuman&afid=Q5VV41"
