"Matches found in filtered_7qt2(AlphaFold)","Description","Residues","Query","Database Hits","Heteroatoms Notes in Database hit","RMSD","Viewer"
"P35556","FIBRILLIN-2","E; E; E; E;","A  99   ; B  89   ; C  99   ; D  89   ;","A 856   ; A 844   ; A 377   ; A 322   ;","none; none; none; none","0.58 A","./target.php?radio=27363731750055711|irvr|856:A or 844:A or 377:A or 322:A|0.6571,0.0415,0.7527,118.113,-0.5255,0.7411,0.4179,112.878,-0.5405,-0.6701,0.5087,26.220,0.0,0.0,0.0,1.0&db=afhuman&afid=P35556"
"P35556","FIBRILLIN-2","E; E; E; E;","A  99   ; B  89   ; C  99   ; D  89   ;","A 322   ; A 377   ; A 844   ; A 856   ;","none; none; none; none","0.71 A","./target.php?radio=27363731750055711|irvr|322:A or 377:A or 844:A or 856:A|-0.0165,-0.9690,-0.2465,104.715,-0.1561,0.2460,-0.9566,99.068,0.9876,0.0227,-0.1554,24.357,0.0,0.0,0.0,1.0&db=afhuman&afid=P35556"
"Q13009","T-LYMPHOMA INVASION AND METASTASIS-INDUCING PROTEIN","Y; Y; E; E;","B  36   ; B  55   ; B  89   ; D  89   ;","A1196   ; A1142   ; A1052   ; A 743   ;","none; none; none; none","0.85 A","./target.php?radio=27363731750055711|nacp|1196:A or 1142:A or 1052:A or 743:A|0.7711,0.6362,0.0259,122.096,-0.3807,0.4933,-0.7821,151.779,-0.5104,0.5932,0.6226,5.340,0.0,0.0,0.0,1.0&db=afhuman&afid=Q13009"
"O14522","RECEPTOR-TYPE TYROSINE-PROTEIN PHOSPHATASE T","Y; Y; E; E;","B  36   ; B  55   ; B  89   ; C  99   ;","A 327   ; A 345   ; A 336   ; A 738   ;","none; none; none; none","0.90 A","./target.php?radio=27363731750055711|fwmi|327:A or 345:A or 336:A or 738:A|0.9098,0.1592,-0.3833,142.434,-0.4059,0.1479,-0.9019,137.126,-0.0869,0.9761,0.1992,3.747,0.0,0.0,0.0,1.0&db=afhuman&afid=O14522"
"Q8NF50","DEDICATOR OF CYTOKINESIS PROTEIN 8","E; Y; E; E;","A  99   ; B  55   ; B  89   ; D  89   ;","A 301   ; A 564   ; A 526   ; A1660   ;","none; none; none; none","0.92 A","./target.php?radio=27363731750055711|wvrw|301:A or 564:A or 526:A or 1660:A|0.1222,0.0371,-0.9918,96.867,0.9811,-0.1554,0.1151,136.929,-0.1498,-0.9872,-0.0553,23.387,0.0,0.0,0.0,1.0&db=afhuman&afid=Q8NF50"
"P21817","RYANODINE RECEPTOR 1","Y; E; Y; E;","B  36   ; B  89   ; D  36   ; D  89   ;","A 463   ; A 471   ; A1018   ; A1024   ;","none; none; none; none","0.95 A","./target.php?radio=27363731750055711|ptuq|463:A or 471:A or 1018:A or 1024:A|0.6880,-0.4553,-0.5652,100.037,-0.0823,0.7248,-0.6840,129.549,0.7210,0.5171,0.4612,30.978,0.0,0.0,0.0,1.0&db=afhuman&afid=P21817"
"Q9HCM2","PLEXIN-A4","E; Y; Y; E;","A  99   ; B  36   ; B  55   ; D  89   ;","A1295   ; A1497   ; A1483   ; A 900   ;","none; none; none; none","0.95 A","./target.php?radio=27363731750055711|riqz|1295:A or 1497:A or 1483:A or 900:A|0.7630,-0.5485,0.3421,134.393,0.3893,-0.0325,-0.9205,122.846,0.5160,0.8355,0.1887,-7.818,0.0,0.0,0.0,1.0&db=afhuman&afid=Q9HCM2"
"O15034","RIMS-BINDING PROTEIN 2","E; Y; Y; E;","A  99   ; B  55   ; D  36   ; D  89   ;","A 572   ; A 530   ; A 886   ; A 898   ;","none; none; none; none","0.98 A","./target.php?radio=27363731750055711|ocaw|572:A or 530:A or 886:A or 898:A|0.2344,-0.3781,0.8956,108.551,-0.7611,0.5017,0.4110,128.660,-0.6048,-0.7780,-0.1702,-5.481,0.0,0.0,0.0,1.0&db=afhuman&afid=O15034"
"Q9BXI3","CYTOSOLIC 5'-NUCLEOTIDASE 1A","E; Y; E; E;","A  99   ; B  36   ; B  89   ; D  89   ;","A  89   ; A  82   ; A  66   ; A   2   ;","none; none; none; none","0.98 A","./target.php?radio=27363731750055711|zzcz|89:A or 82:A or 66:A or 2:A|-0.7682,-0.1253,-0.6278,113.638,-0.2980,0.9379,0.1774,143.286,0.5666,0.3234,-0.7578,35.274,0.0,0.0,0.0,1.0&db=afhuman&afid=Q9BXI3"
"P21817","RYANODINE RECEPTOR 1","Y; E; Y; E;","B  36   ; B  89   ; D  36   ; D  89   ;","A 263   ; A 271   ; A 818   ; A 824   ;","none; none; none; none","0.99 A","./target.php?radio=27363731750055711|symc|263:A or 271:A or 818:A or 824:A|0.1311,0.3589,-0.9241,85.033,0.9890,0.0175,0.1470,137.564,0.0689,-0.9332,-0.3527,24.717,0.0,0.0,0.0,1.0&db=afhuman&afid=P21817"
"Q5CZC0","FIBROUS SHEATH-INTERACTING PROTEIN 2","E; Y; E; E;","A  99   ; B  36   ; B  89   ; D  89   ;","A1114   ; A 976   ; A 980   ; A 482   ;","none; none; none; none","1.02 A","./target.php?radio=27363731750055711|kxab|1114:A or 976:A or 980:A or 482:A|0.6206,0.3868,0.6821,103.777,0.2590,0.7199,-0.6439,126.303,-0.7401,0.5763,0.3466,37.621,0.0,0.0,0.0,1.0&db=afhuman&afid=Q5CZC0"
"Q9UKN7","UNCONVENTIONAL MYOSIN-XV","E; E; Y; E;","A  99   ; C  99   ; D  36   ; D  89   ;","A  70   ; A 684   ; A 712   ; A 606   ;","none; none; none; none","1.02 A","./target.php?radio=27363731750055711|yqyu|70:A or 684:A or 712:A or 606:A|-0.7271,-0.5813,0.3653,105.800,-0.0468,0.5728,0.8184,137.451,-0.6849,0.5779,-0.4437,-19.121,0.0,0.0,0.0,1.0&db=afhuman&afid=Q9UKN7"
"Q9Y6R7","IGGFC-BINDING PROTEIN","Y; E; Y; E;","B  36   ; B  89   ; D  36   ; D  89   ;","A 157   ; A 186   ; A1358   ; A1387   ;","none; none; none; none","1.02 A","./target.php?radio=27363731750055711|gpjr|157:A or 186:A or 1358:A or 1387:A|-0.9949,0.0442,0.0904,88.212,0.0307,-0.7219,0.6913,145.592,0.0959,0.6906,0.7169,34.167,0.0,0.0,0.0,1.0&db=afhuman&afid=Q9Y6R7"
"O75747","PHOSPHATIDYLINOSITOL 4-PHOSPHATE 3-KINASE C2 DOMAIN","E; E; Y; E;","A  99   ; C  99   ; D  36   ; D  89   ;","A 455   ; A1375   ; A1368   ; A1366   ;","none; none; none; none","1.03 A","./target.php?radio=27363731750055711|gqqv|455:A or 1375:A or 1368:A or 1366:A|0.4272,0.7775,-0.4615,83.116,-0.1448,-0.4450,-0.8838,123.670,-0.8925,0.4444,-0.0775,35.306,0.0,0.0,0.0,1.0&db=afhuman&afid=O75747"
"Q9H1H9","KINESIN-LIKE PROTEIN KIF13A","Y; E; E; E;","B  36   ; B  89   ; C  99   ; D  89   ;","A 759   ; A 698   ; A 136   ; A  88   ;","none; none; none; none","1.03 A","./target.php?radio=27363731750055711|peaa|759:A or 698:A or 136:A or 88:A|-0.3332,-0.7348,0.5907,84.738,-0.8476,-0.0411,-0.5291,117.305,0.4131,-0.6770,-0.6091,33.632,0.0,0.0,0.0,1.0&db=afhuman&afid=Q9H1H9"
"Q9BZ29","DEDICATOR OF CYTOKINESIS PROTEIN 9","E; E; Y; E;","A  99   ; C  99   ; D  36   ; D  89   ;","A 860   ; A1770   ; A1731   ; A1729   ;","none; none; none; none","1.03 A","./target.php?radio=27363731750055711|fygc|860:A or 1770:A or 1731:A or 1729:A|-0.1545,-0.4212,0.8937,93.190,-0.8896,0.4528,0.0596,139.365,-0.4297,-0.7859,-0.4447,25.737,0.0,0.0,0.0,1.0&db=afhuman&afid=Q9BZ29"
"Q5JSL3","DEDICATOR OF CYTOKINESIS PROTEIN 11","E; E; Y; E;","A  99   ; C  99   ; D  36   ; D  89   ;","A 923   ; A1751   ; A1712   ; A1710   ;","none; none; none; none","1.04 A","./target.php?radio=27363731750055711|txqg|923:A or 1751:A or 1712:A or 1710:A|-0.7256,0.2737,0.6313,95.993,0.0970,-0.8676,0.4876,128.881,0.6812,0.4151,0.6030,31.076,0.0,0.0,0.0,1.0&db=afhuman&afid=Q5JSL3"
"P55011","SOLUTE CARRIER FAMILY 12 MEMBER 2","Y; E; Y; E;","B  36   ; C  99   ; D  36   ; D  89   ;","A 200   ; A 431   ; A 655   ; A 650   ;","none; none; none; none","1.04 A","./target.php?radio=27363731750055711|bcko|200:A or 431:A or 655:A or 650:A|0.4073,-0.4563,0.7911,74.848,-0.6409,0.4744,0.6036,110.441,-0.6507,-0.7529,-0.0992,3.827,0.0,0.0,0.0,1.0&db=afhuman&afid=P55011"
"Q9UKN7","UNCONVENTIONAL MYOSIN-XV","E; E; Y; E;","B  89   ; C  99   ; D  36   ; D  89   ;","A 376   ; A1084   ; A1112   ; A1006   ;","none; none; none; none","1.04 A","./target.php?radio=27363731750055711|qevo|376:A or 1084:A or 1112:A or 1006:A|-0.6383,-0.5979,0.4849,120.317,0.6489,-0.0790,0.7568,167.290,-0.4142,0.7977,0.4384,20.746,0.0,0.0,0.0,1.0&db=afhuman&afid=Q9UKN7"
"Q9HCM2","PLEXIN-A4","E; Y; Y; E;","A  99   ; B  36   ; B  55   ; C  99   ;","A1295   ; A1497   ; A1483   ; A 912   ;","none; none; none; none","1.05 A","./target.php?radio=27363731750055711|riqz|1295:A or 1497:A or 1483:A or 912:A|0.7797,-0.6061,0.1570,128.891,0.2037,0.0084,-0.9790,125.005,0.5920,0.7953,0.1300,-10.996,0.0,0.0,0.0,1.0&db=afhuman&afid=Q9HCM2"
"Q96JI7","SPATACSIN","E; Y; E; E;","A  99   ; B  36   ; C  99   ; D  89   ;","A 720   ; A 836   ; A1219   ; A1236   ;","none; none; none; none","1.05 A","./target.php?radio=27363731750055711|iylp|720:A or 836:A or 1219:A or 1236:A|0.2812,-0.0814,-0.9562,110.363,-0.6302,-0.7671,-0.1200,109.296,-0.7237,0.6363,-0.2670,-13.670,0.0,0.0,0.0,1.0&db=afhuman&afid=Q96JI7"
"Q8WZ42","TITIN","E; Y; E; E;","A  99   ; B  36   ; B  89   ; D  89   ;","A 652   ; A 608   ; A 613   ; A 344   ;","none; none; none; none","1.06 A","./target.php?radio=27363731750055711|msmt|652:A or 608:A or 613:A or 344:A|-0.0084,0.5409,0.8411,89.904,-0.1959,-0.8257,0.5290,141.223,0.9806,-0.1604,0.1129,54.201,0.0,0.0,0.0,1.0&db=afhuman&afid=Q8WZ42"
"Q13009","T-LYMPHOMA INVASION AND METASTASIS-INDUCING PROTEIN","Y; Y; E; E;","B  36   ; B  55   ; B  89   ; D  89   ;","A1196   ; A1142   ; A1052   ; A 741   ;","none; none; none; none","1.06 A","./target.php?radio=27363731750055711|nacp|1196:A or 1142:A or 1052:A or 741:A|0.8002,0.5914,0.0993,123.195,-0.3343,0.5774,-0.7449,150.329,-0.4979,0.5629,0.6597,6.051,0.0,0.0,0.0,1.0&db=afhuman&afid=Q13009"
"Q9BSW2","EF-HAND CALCIUM-BINDING DOMAIN-CONTAINING PROTEIN 4","E; E; E; E;","A  99   ; B  89   ; C  99   ; D  89   ;","A 645   ; A  43   ; A 320   ; A 314   ;","none; none; none; none","1.08 A","./target.php?radio=27363731750055711|bmni|645:A or 43:A or 320:A or 314:A|0.1544,0.6561,-0.7387,108.902,0.9150,-0.3770,-0.1436,145.111,-0.3727,-0.6537,-0.6586,14.511,0.0,0.0,0.0,1.0&db=afhuman&afid=Q9BSW2"
"Q96PZ7","CUB AND SUSHI DOMAIN-CONTAINING PROTEIN 1","Y; E; E; Y;","B  55   ; B  89   ; C  99   ; D  36   ;","A 227   ; A 123   ; A1207   ; A1238   ;","none; none; none; none","1.09 A","./target.php?radio=27363731750055711|shpj|227:A or 123:A or 1207:A or 1238:A|-0.3104,0.9387,0.1497,92.692,-0.5148,-0.2984,0.8037,131.024,0.7991,0.1724,0.5759,32.910,0.0,0.0,0.0,1.0&db=afhuman&afid=Q96PZ7"
"Q8WZ42","TITIN","Y; Y; Y; E;","B  36   ; B  55   ; D  36   ; D  89   ;","A 826   ; A 801   ; A 294   ; A 299   ;","none; none; none; none","1.09 A","./target.php?radio=27363731750055711|srkw|826:A or 801:A or 294:A or 299:A|0.6372,0.6285,-0.4460,75.953,-0.7660,0.5804,-0.2765,136.273,0.0851,0.5178,0.8512,34.670,0.0,0.0,0.0,1.0&db=afhuman&afid=Q8WZ42"
"Q96N67","DEDICATOR OF CYTOKINESIS PROTEIN 7","Y; E; Y; E;","B  36   ; C  99   ; D  36   ; D  89   ;","A2090   ; A 527   ; A 565   ; A 298   ;","none; none; none; none","1.09 A","./target.php?radio=27363731750055711|myfp|2090:A or 527:A or 565:A or 298:A|-0.9388,-0.0643,0.3385,94.129,0.2922,0.3721,0.8810,102.154,-0.1826,0.9260,-0.3305,-7.386,0.0,0.0,0.0,1.0&db=afhuman&afid=Q96N67"
"Q15262","RECEPTOR-TYPE TYROSINE-PROTEIN PHOSPHATASE KAPPA","E; E; Y; E;","A  99   ; B  89   ; D  36   ; D  89   ;","A 411   ; A 855   ; A 707   ; A 636   ;","none; none; none; none","1.09 A","./target.php?radio=27363731750055711|hwhd|411:A or 855:A or 707:A or 636:A|0.1313,0.1277,-0.9831,152.458,0.8665,0.4669,0.1764,174.250,0.4815,-0.8750,-0.0494,43.991,0.0,0.0,0.0,1.0&db=afhuman&afid=Q15262"
"P29375","LYSINE-SPECIFIC DEMETHYLASE 5A","E; E; Y; E;","A  99   ; C  99   ; D  36   ; D  89   ;","A1511   ; A 403   ; A 377   ; A 393   ;","none; none; none; none","1.09 A","./target.php?radio=27363731750055711|ugym|1511:A or 403:A or 377:A or 393:A|0.2389,0.7989,0.5521,77.294,-0.9710,0.2012,0.1290,124.193,-0.0080,-0.5669,0.8238,27.896,0.0,0.0,0.0,1.0&db=afhuman&afid=P29375"
"Q9BY12","S PHASE CYCLIN A-ASSOCIATED PROTEIN IN THE ENDOPLAS","E; E; E; E;","A  99   ; B  89   ; C  99   ; D  89   ;","A 759   ; A 752   ; A 455   ; A 576   ;","none; none; none; none","1.10 A","./target.php?radio=27363731750055711|uzys|759:A or 752:A or 455:A or 576:A|0.0751,0.9843,-0.1600,117.851,-0.8831,-0.0088,-0.4691,89.157,-0.4632,0.1766,0.8685,22.215,0.0,0.0,0.0,1.0&db=afhuman&afid=Q9BY12"
"P08F94","FIBROCYSTIN","E; E; Y; E;","A  99   ; C  99   ; D  36   ; D  89   ;","A1163   ; A 903   ; A 941   ; A 969   ;","none; none; none; none","1.10 A","./target.php?radio=27363731750055711|wcui|1163:A or 903:A or 941:A or 969:A|-0.1056,-0.4635,0.8798,113.474,-0.7434,-0.5509,-0.3795,110.468,0.6605,-0.6941,-0.2864,-26.276,0.0,0.0,0.0,1.0&db=afhuman&afid=P08F94"
"Q05481","ZINC FINGER PROTEIN 91","E; E; E; E;","A  99   ; B  89   ; C  99   ; D  89   ;","A 515   ; A 494   ; A 991   ; A 970   ;","none; none; none; none","1.11 A","./target.php?radio=27363731750055711|ysyh|515:A or 494:A or 991:A or 970:A|0.2804,0.0425,-0.9589,129.173,0.9569,0.0665,0.2827,128.306,0.0757,-0.9969,-0.0220,19.751,0.0,0.0,0.0,1.0&db=afhuman&afid=Q05481"
"Q96JJ3","ENGULFMENT AND CELL MOTILITY PROTEIN 2","E; Y; Y; E;","A  99   ; B  36   ; B  55   ; B  89   ;","A 643   ; A 581   ; A 639   ; A 599   ;","none; none; none; none","1.11 A","./target.php?radio=27363731750055711|ukpl|643:A or 581:A or 639:A or 599:A|-0.8233,0.4106,0.3920,101.081,-0.3852,0.1032,-0.9171,161.066,-0.4170,-0.9060,0.0732,16.443,0.0,0.0,0.0,1.0&db=afhuman&afid=Q96JJ3"
"Q92736","RYANODINE RECEPTOR 2","E; E; E; E;","A  99   ; B  89   ; C  99   ; D  89   ;","A 118   ; A 169   ; A 949   ; A 902   ;","none; none; none; none","1.11 A","./target.php?radio=27363731750055711|hslw|118:A or 169:A or 949:A or 902:A|0.3959,-0.5073,-0.7654,79.643,0.3920,-0.6604,0.6405,109.923,-0.8304,-0.5536,-0.0626,37.052,0.0,0.0,0.0,1.0&db=afhuman&afid=Q92736"
"Q9UQ49","SIALIDASE-3","E; Y; Y; E;","A  99   ; B  36   ; B  55   ; B  89   ;","A 113   ; A 179   ; A 181   ; A 225   ;","none; none; none; none","1.11 A","./target.php?radio=27363731750055711|tjie|113:A or 179:A or 181:A or 225:A|0.8198,0.5028,0.2743,129.788,-0.5126,0.8577,-0.0401,159.079,-0.2554,-0.1077,0.9608,27.534,0.0,0.0,0.0,1.0&db=afhuman&afid=Q9UQ49"
"Q9BZ29","DEDICATOR OF CYTOKINESIS PROTEIN 9","E; E; Y; E;","B  89   ; C  99   ; D  36   ; D  89   ;","A 922   ; A1770   ; A1731   ; A1729   ;","none; none; none; none","1.12 A","./target.php?radio=27363731750055711|fygc|922:A or 1770:A or 1731:A or 1729:A|-0.2722,-0.2123,0.9385,101.185,-0.8009,0.5906,-0.0987,129.244,-0.5333,-0.7785,-0.3308,35.290,0.0,0.0,0.0,1.0&db=afhuman&afid=Q9BZ29"
"Q8WZ42","TITIN","E; Y; Y; E;","A  99   ; B  55   ; D  36   ; D  89   ;","A 205   ; A 243   ; A 537   ; A 508   ;","none; none; none; none","1.12 A","./target.php?radio=27363731750055711|imcd|205:A or 243:A or 537:A or 508:A|-0.9690,0.2429,-0.0449,107.137,-0.1475,-0.4233,0.8939,132.546,0.1982,0.8728,0.4460,-8.186,0.0,0.0,0.0,1.0&db=afhuman&afid=Q8WZ42"
"O75747","PHOSPHATIDYLINOSITOL 4-PHOSPHATE 3-KINASE C2 DOMAIN","Y; E; Y; E;","B  36   ; C  99   ; D  36   ; D  89   ;","A 428   ; A1375   ; A1368   ; A1366   ;","none; none; none; none","1.12 A","./target.php?radio=27363731750055711|gqqv|428:A or 1375:A or 1368:A or 1366:A|0.3666,0.8784,-0.3067,78.301,-0.1293,-0.2783,-0.9517,129.186,-0.9214,0.3885,0.0115,30.740,0.0,0.0,0.0,1.0&db=afhuman&afid=O75747"
"Q8WXG9","ADHESION G-PROTEIN COUPLED RECEPTOR V1","E; E; E; E;","A  99   ; B  89   ; C  99   ; D  89   ;","A1213   ; A1277   ; A 634   ; A 668   ;","none; none; none; none","1.12 A","./target.php?radio=27363731750055711|czuv|1213:A or 1277:A or 634:A or 668:A|0.9647,0.2298,-0.1288,113.822,-0.2217,0.4443,-0.8680,111.613,-0.1422,0.8659,0.4795,-12.840,0.0,0.0,0.0,1.0&db=afhuman&afid=Q8WXG9"
"Q8NA61","PROTEIN CHIBBY HOMOLOG 2","E; E; Y; E;","A  99   ; C  99   ; D  36   ; D  89   ;","A 342   ; A  57   ; A  19   ; A   5   ;","none; none; none; none","1.12 A","./target.php?radio=27363731750055711|zrtp|342:A or 57:A or 19:A or 5:A|-0.8253,0.3622,0.4333,66.438,-0.2776,-0.9283,0.2472,125.530,0.4918,0.0837,0.8667,3.734,0.0,0.0,0.0,1.0&db=afhuman&afid=Q8NA61"
"O43719","HIV TAT-SPECIFIC FACTOR 1","E; E; E; E;","A  99   ; B  89   ; C  99   ; D  89   ;","A 577   ; A 580   ; A 361   ; A 278   ;","none; none; none; none","1.13 A","./target.php?radio=27363731750055711|gkcl|577:A or 580:A or 361:A or 278:A|-0.9757,0.0098,-0.2190,77.329,-0.1788,0.5424,0.8208,114.970,0.1268,0.8400,-0.5275,-4.838,0.0,0.0,0.0,1.0&db=afhuman&afid=O43719"
"Q8NFR7","COILED-COIL DOMAIN-CONTAINING PROTEIN 148","E; Y; Y; E;","A  99   ; B  36   ; B  55   ; C  99   ;","A 305   ; A 267   ; A 285   ; A 379   ;","none; none; none; none","1.13 A","./target.php?radio=27363731750055711|iphs|305:A or 267:A or 285:A or 379:A|-0.7063,0.6501,0.2802,107.406,-0.4917,-0.7352,0.4665,142.631,0.5093,0.1917,0.8389,6.745,0.0,0.0,0.0,1.0&db=afhuman&afid=Q8NFR7"
"O15085","RHO GUANINE NUCLEOTIDE EXCHANGE FACTOR 11","E; E; Y; E;","A  99   ; C  99   ; D  36   ; D  89   ;","A1502   ; A 406   ; A 343   ; A 315   ;","none; none; none; none","1.13 A","./target.php?radio=27363731750055711|yqpg|1502:A or 406:A or 343:A or 315:A|-0.8913,0.0922,0.4439,52.217,-0.4396,0.0638,-0.8959,126.120,-0.1109,-0.9937,-0.0164,-1.079,0.0,0.0,0.0,1.0&db=afhuman&afid=O15085"
"Q8IYW2","CILIA- AND FLAGELLA-ASSOCIATED PROTEIN 46","E; E; E; E;","A  99   ; B  89   ; C  99   ; D  89   ;","A 255   ; A 183   ; A1272   ; A1315   ;","none; none; none; none","1.13 A","./target.php?radio=27363731750055711|zrvc|255:A or 183:A or 1272:A or 1315:A|0.9979,-0.0616,0.0209,94.247,0.0349,0.2357,-0.9712,117.607,0.0548,0.9699,0.2373,0.814,0.0,0.0,0.0,1.0&db=afhuman&afid=Q8IYW2"
"Q14571","INOSITOL 1,4,5-TRISPHOSPHATE RECEPTOR TYPE 2","Y; E; Y; E;","B  36   ; B  89   ; D  36   ; D  89   ;","A 113   ; A  85   ; A1320   ; A1334   ;","none; none; none; none","1.13 A","./target.php?radio=27363731750055711|jhrq|113:A or 85:A or 1320:A or 1334:A|-0.9122,-0.1293,0.3888,116.483,0.1379,0.7967,0.5885,116.025,-0.3858,0.5904,-0.7090,6.752,0.0,0.0,0.0,1.0&db=afhuman&afid=Q14571"
"Q6V0I7","PROTOCADHERIN FAT 4","E; E; Y; E;","A  99   ; C  99   ; D  36   ; D  89   ;","A1197   ; A 216   ; A 266   ; A 264   ;","none; none; none; none","1.14 A","./target.php?radio=27363731750055711|vvbe|1197:A or 216:A or 266:A or 264:A|-0.8621,0.2119,-0.4604,91.640,-0.3419,-0.9137,0.2197,126.423,-0.3741,0.3468,0.8601,-49.305,0.0,0.0,0.0,1.0&db=afhuman&afid=Q6V0I7"
"P51841","RETINAL GUANYLYL CYCLASE 2","E; E; Y; E;","A  99   ; B  89   ; D  36   ; D  89   ;","A 696   ; A 702   ; A 290   ; A 317   ;","none; none; none; none","1.14 A","./target.php?radio=27363731750055711|zrjt|696:A or 702:A or 290:A or 317:A|0.7843,0.4641,-0.4116,69.848,-0.5563,0.2327,-0.7977,111.358,-0.2744,0.8547,0.4407,27.666,0.0,0.0,0.0,1.0&db=afhuman&afid=P51841"
"P78357","CONTACTIN-ASSOCIATED PROTEIN 1","E; Y; E; Y;","A  99   ; B  36   ; C  99   ; D  36   ;","A 226   ; A 222   ; A1190   ; A1099   ;","none; none; none; none","1.14 A","./target.php?radio=27363731750055711|wrds|226:A or 222:A or 1190:A or 1099:A|-0.3748,-0.3562,0.8559,111.444,-0.4659,-0.7258,-0.5061,137.939,0.8015,-0.5885,0.1061,4.236,0.0,0.0,0.0,1.0&db=afhuman&afid=P78357"
"Q5VYK3","PROTEASOME ADAPTER AND SCAFFOLD PROTEIN ECM29","Y; E; E; E;","B  36   ; B  89   ; C  99   ; D  89   ;","A1447   ; A1491   ; A 924   ; A 902   ;","none; none; none; none","1.14 A","./target.php?radio=27363731750055711|lcux|1447:A or 1491:A or 924:A or 902:A|-0.9833,0.0726,0.1667,106.328,0.1160,-0.4553,0.8827,118.868,0.1400,0.8874,0.4393,9.089,0.0,0.0,0.0,1.0&db=afhuman&afid=Q5VYK3"
"Q8WZ42","TITIN","E; Y; Y; E;","A  99   ; B  55   ; D  36   ; D  89   ;","A 187   ; A 225   ; A 516   ; A 487   ;","none; none; none; none","1.14 A","./target.php?radio=27363731750055711|exlz|187:A or 225:A or 516:A or 487:A|0.3953,0.6033,-0.6927,100.261,0.8966,-0.4172,0.1484,137.085,-0.1994,-0.6797,-0.7058,-15.081,0.0,0.0,0.0,1.0&db=afhuman&afid=Q8WZ42"
"Q5CZC0","FIBROUS SHEATH-INTERACTING PROTEIN 2","E; Y; E; E;","A  99   ; B  36   ; B  89   ; D  89   ;","A1314   ; A1176   ; A1180   ; A 746   ;","none; none; none; none","1.15 A","./target.php?radio=27363731750055711|blnj|1314:A or 1176:A or 1180:A or 746:A|-0.9308,0.0475,0.3624,92.494,0.3570,0.3313,0.8734,143.546,-0.0786,0.9423,-0.3253,48.447,0.0,0.0,0.0,1.0&db=afhuman&afid=Q5CZC0"
"Q13009","T-LYMPHOMA INVASION AND METASTASIS-INDUCING PROTEIN","E; E; Y; E;","A  99   ; C  99   ; D  36   ; D  89   ;","A1486   ; A 867   ; A 874   ; A 894   ;","none; none; none; none","1.15 A","./target.php?radio=27363731750055711|nacp|1486:A or 867:A or 874:A or 894:A|0.6942,0.2053,-0.6899,125.514,-0.5615,0.7541,-0.3406,110.430,0.4504,0.6238,0.6387,2.647,0.0,0.0,0.0,1.0&db=afhuman&afid=Q13009"
"Q9P2Q2","FERM DOMAIN-CONTAINING PROTEIN 4A","E; Y; E; E;","A  99   ; B  36   ; B  89   ; D  89   ;","A 407   ; A 427   ; A 433   ; A 881   ;","none; none; none; none","1.15 A","./target.php?radio=27363731750055711|wqju|407:A or 427:A or 433:A or 881:A|-0.3434,0.1208,0.9314,91.713,-0.9062,-0.3031,-0.2948,142.726,0.2467,-0.9453,0.2135,18.265,0.0,0.0,0.0,1.0&db=afhuman&afid=Q9P2Q2"
"Q8WZ42","TITIN","E; E; Y; E;","A  99   ; B  89   ; D  36   ; D  89   ;","A 733   ; A 684   ; A 425   ; A 387   ;","none; none; none; none","1.16 A","./target.php?radio=27363731750055711|lwiv|733:A or 684:A or 425:A or 387:A|-0.9712,-0.2202,-0.0916,68.762,-0.0907,-0.0142,0.9958,155.711,-0.2205,0.9754,-0.0061,6.440,0.0,0.0,0.0,1.0&db=afhuman&afid=Q8WZ42"
"Q6ZP82","COILED-COIL DOMAIN-CONTAINING PROTEIN 141","E; Y; E; E;","A  99   ; B  36   ; B  89   ; D  89   ;","A 493   ; A 564   ; A 645   ; A 347   ;","none; none; none; none","1.16 A","./target.php?radio=27363731750055711|nugy|493:A or 564:A or 645:A or 347:A|0.3102,0.7237,-0.6164,87.206,0.8924,-0.4452,-0.0735,126.773,-0.3276,-0.5273,-0.7840,21.801,0.0,0.0,0.0,1.0&db=afhuman&afid=Q6ZP82"
"Q5CZC0","FIBROUS SHEATH-INTERACTING PROTEIN 2","E; Y; E; E;","A  99   ; B  36   ; B  89   ; D  89   ;","A1114   ; A 976   ; A 980   ; A  58   ;","none; none; none; none","1.16 A","./target.php?radio=27363731750055711|kxab|1114:A or 976:A or 980:A or 58:A|0.8116,0.3436,0.4725,94.611,0.2468,0.5314,-0.8104,129.852,-0.5295,0.7743,0.3464,23.681,0.0,0.0,0.0,1.0&db=afhuman&afid=Q5CZC0"
"Q9HCM2","PLEXIN-A4","E; Y; Y; E;","A  99   ; B  36   ; B  55   ; C  99   ;","A1295   ; A1497   ; A1483   ; A 881   ;","none; none; none; none","1.16 A","./target.php?radio=27363731750055711|riqz|1295:A or 1497:A or 1483:A or 881:A|0.7477,-0.6432,0.1650,130.923,0.1792,-0.0438,-0.9828,126.729,0.6394,0.7644,0.0825,-13.219,0.0,0.0,0.0,1.0&db=afhuman&afid=Q9HCM2"
"Q9H251","CADHERIN-23","E; Y; E; E;","A  99   ; B  36   ; C  99   ; D  89   ;","A1296   ; A1322   ; A 319   ; A 189   ;","none; none; none; none","1.16 A","./target.php?radio=27363731750055711|dyhk|1296:A or 1322:A or 319:A or 189:A|0.2224,0.3147,-0.9228,102.748,0.8000,0.4821,0.3572,129.352,0.5573,-0.8176,-0.1446,10.391,0.0,0.0,0.0,1.0&db=afhuman&afid=Q9H251"
"Q13349","INTEGRIN ALPHA-D","E; E; E; E;","A  99   ; B  89   ; C  99   ; D  89   ;","A 942   ; A1094   ; A 267   ; A 299   ;","none; none; none; none","1.17 A","./target.php?radio=27363731750055711|xkpb|942:A or 1094:A or 267:A or 299:A|0.5591,0.5537,0.6171,37.897,0.5496,0.3099,-0.7759,148.171,-0.6208,0.7729,-0.1311,16.466,0.0,0.0,0.0,1.0&db=afhuman&afid=Q13349"
"O75643","U5 SMALL NUCLEAR RIBONUCLEOPROTEIN 200 KDA HELICASE","E; E; E; E;","A  99   ; B  89   ; C  99   ; D  89   ;","A 138   ; A 694   ; A1807   ; A1797   ;","none; none; none; none","1.17 A","./target.php?radio=27363731750055711|vomy|138:A or 694:A or 1807:A or 1797:A|-0.8225,0.3273,0.4652,71.690,-0.3765,-0.9263,-0.0140,130.586,0.4263,-0.1867,0.8851,28.967,0.0,0.0,0.0,1.0&db=afhuman&afid=O75643"
"Q9BZ29","DEDICATOR OF CYTOKINESIS PROTEIN 9","E; Y; Y; E;","A  99   ; B  36   ; B  55   ; B  89   ;","A 621   ; A  92   ; A 599   ; A 362   ;","none; none; none; none","1.17 A","./target.php?radio=27363731750055711|fygc|621:A or 92:A or 599:A or 362:A|0.6997,-0.5334,-0.4753,168.052,-0.3451,0.3301,-0.8786,175.897,0.6255,0.7788,0.0469,42.348,0.0,0.0,0.0,1.0&db=afhuman&afid=Q9BZ29"
"P08F94","FIBROCYSTIN","E; E; Y; E;","A  99   ; C  99   ; D  36   ; D  89   ;","A1164   ; A 903   ; A 941   ; A 969   ;","none; none; none; none","1.17 A","./target.php?radio=27363731750055711|wcui|1164:A or 903:A or 941:A or 969:A|-0.0703,-0.4460,0.8922,111.962,-0.7484,-0.5678,-0.3429,112.672,0.6596,-0.6918,-0.2939,-26.651,0.0,0.0,0.0,1.0&db=afhuman&afid=P08F94"
"Q96Q05","TRAFFICKING PROTEIN PARTICLE COMPLEX SUBUNIT 9","E; Y; E; E;","A  99   ; B  36   ; B  89   ; C  99   ;","A 346   ; A 334   ; A 247   ; A 833   ;","none; none; none; none","1.17 A","./target.php?radio=27363731750055711|sxnb|346:A or 334:A or 247:A or 833:A|0.0617,-0.4782,-0.8761,115.021,0.5737,0.7353,-0.3610,120.067,0.8168,-0.4803,0.3197,2.664,0.0,0.0,0.0,1.0&db=afhuman&afid=Q96Q05"
"Q5T1H1","PROTEIN EYES SHUT HOMOLOG","Y; E; Y; E;","B  55   ; B  89   ; D  36   ; D  89   ;","A1026   ; A1040   ; A 790   ; A 771   ;","none; none; none; none","1.18 A","./target.php?radio=27363731750055711|tbud|1026:A or 1040:A or 790:A or 771:A|-0.1323,0.3294,0.9349,106.129,0.8878,0.4588,-0.0361,141.334,-0.4408,0.8252,-0.3532,-2.567,0.0,0.0,0.0,1.0&db=afhuman&afid=Q5T1H1"
"Q86U86","PROTEIN POLYBROMO-1","E; Y; E; E;","A  99   ; B  36   ; B  89   ; D  89   ;","A 903   ; A 862   ; A 863   ; A 602   ;","none; none; none; none","1.19 A","./target.php?radio=27363731750055711|ddzt|903:A or 862:A or 863:A or 602:A|0.9877,0.1461,-0.0551,109.665,0.0093,-0.4071,-0.9134,133.456,-0.1559,0.9016,-0.4034,9.629,0.0,0.0,0.0,1.0&db=afhuman&afid=Q86U86"
"Q8WZ42","TITIN","E; Y; Y; E;","A  99   ; B  55   ; D  36   ; D  89   ;","A 429   ; A 387   ; A  94   ; A  99   ;","none; none; none; none","1.19 A","./target.php?radio=27363731750055711|cmtw|429:A or 387:A or 94:A or 99:A|0.7152,-0.2906,-0.6357,99.271,0.2645,0.9544,-0.1386,117.042,0.6469,-0.0690,0.7594,27.230,0.0,0.0,0.0,1.0&db=afhuman&afid=Q8WZ42"
"O15050","TPR AND ANKYRIN REPEAT-CONTAINING PROTEIN 1","E; E; Y; E;","A  99   ; B  89   ; D  36   ; D  89   ;","A1071   ; A 987   ; A 329   ; A 305   ;","none; none; none; none","1.19 A","./target.php?radio=27363731750055711|hrwt|1071:A or 987:A or 329:A or 305:A|0.1107,-0.5604,0.8208,98.576,-0.8773,0.3330,0.3457,98.855,-0.4671,-0.7584,-0.4547,17.929,0.0,0.0,0.0,1.0&db=afhuman&afid=O15050"
"Q6PIF6","UNCONVENTIONAL MYOSIN-VIIB","E; E; Y; E;","A  99   ; B  89   ; D  36   ; D  89   ;","A1304   ; A1207   ; A 559   ; A 557   ;","none; none; none; none","1.19 A","./target.php?radio=27363731750055711|vews|1304:A or 1207:A or 559:A or 557:A|-0.5841,-0.8073,0.0842,90.866,0.4483,-0.2344,0.8626,121.269,-0.6766,0.5416,0.4989,26.599,0.0,0.0,0.0,1.0&db=afhuman&afid=Q6PIF6"
"Q86T65","DISHEVELED-ASSOCIATED ACTIVATOR OF MORPHOGENESIS 2","E; Y; E; E;","A  99   ; B  55   ; C  99   ; D  89   ;","A  54   ; A  81   ; A 876   ; A 774   ;","none; none; none; none","1.19 A","./target.php?radio=27363731750055711|ifdw|54:A or 81:A or 876:A or 774:A|0.1332,-0.5371,-0.8329,79.980,0.6167,0.7028,-0.3546,111.847,0.7759,-0.4664,0.4248,20.463,0.0,0.0,0.0,1.0&db=afhuman&afid=Q86T65"
"Q9Y3R4","SIALIDASE-2","E; Y; Y; E;","A  99   ; B  36   ; B  55   ; B  89   ;","A 111   ; A 179   ; A 181   ; A 218   ;","none; none; none; none","1.19 A","./target.php?radio=27363731750055711|hwbe|111:A or 179:A or 181:A or 218:A|-0.2469,-0.9510,-0.1861,129.448,0.4043,-0.2756,0.8721,163.463,-0.8807,0.1401,0.4525,28.201,0.0,0.0,0.0,1.0&db=afhuman&afid=Q9Y3R4"
"Q8WZ42","TITIN","E; Y; E; E;","A  99   ; B  36   ; B  89   ; D  89   ;","A1252   ; A1208   ; A1213   ; A 960   ;","none; none; none; none","1.19 A","./target.php?radio=27363731750055711|agcm|1252:A or 1208:A or 1213:A or 960:A|0.3817,0.9243,-0.0023,102.434,-0.8295,0.3437,0.4402,141.699,0.4077,-0.1661,0.8979,30.232,0.0,0.0,0.0,1.0&db=afhuman&afid=Q8WZ42"
"Q8WZ42","TITIN","E; Y; Y; E;","A  99   ; B  36   ; B  55   ; C  99   ;","A1335   ; A1325   ; A1327   ; A  27   ;","none; none; none; none","1.19 A","./target.php?radio=27363731750055711|ozpn|1335:A or 1325:A or 1327:A or 27:A|0.4593,0.2485,-0.8528,101.478,-0.4180,0.9076,0.0393,122.505,0.7838,0.3385,0.5207,4.644,0.0,0.0,0.0,1.0&db=afhuman&afid=Q8WZ42"
"Q6PD62","RNA POLYMERASE-ASSOCIATED PROTEIN CTR9 HOMOLOG","Y; E; E; E;","B  55   ; B  89   ; C  99   ; D  89   ;","A 792   ; A 785   ; A 242   ; A 215   ;","none; none; none; none","1.19 A","./target.php?radio=27363731750055711|jswj|792:A or 785:A or 242:A or 215:A|-0.4576,0.4346,0.7757,86.302,-0.6535,-0.7560,0.0381,123.345,0.6030,-0.4895,0.6299,6.070,0.0,0.0,0.0,1.0&db=afhuman&afid=Q6PD62"
"Q8WZ42","TITIN","E; Y; Y; E;","A  99   ; B  36   ; D  36   ; D  89   ;","A 465   ; A 545   ; A 916   ; A 887   ;","none; none; none; none","1.19 A","./target.php?radio=27363731750055711|mwuc|465:A or 545:A or 916:A or 887:A|0.0639,-0.8086,-0.5848,68.754,-0.0977,0.5781,-0.8101,125.939,0.9932,0.1089,-0.0421,-33.001,0.0,0.0,0.0,1.0&db=afhuman&afid=Q8WZ42"
"Q96JJ3","ENGULFMENT AND CELL MOTILITY PROTEIN 2","E; Y; Y; E;","A  99   ; B  36   ; B  55   ; B  89   ;","A 599   ; A 639   ; A 581   ; A 643   ;","none; none; none; none","1.20 A","./target.php?radio=27363731750055711|ukpl|599:A or 639:A or 581:A or 643:A|0.6542,-0.6878,0.3145,156.531,0.7236,0.4485,-0.5246,181.542,0.2198,0.5708,0.7911,5.096,0.0,0.0,0.0,1.0&db=afhuman&afid=Q96JJ3"
"O60281","ZINC FINGER PROTEIN 292","E; Y; E; E;","A  99   ; B  55   ; B  89   ; D  89   ;","A1000   ; A 986   ; A1086   ; A 628   ;","none; none; none; none","1.20 A","./target.php?radio=27363731750055711|qzug|1000:A or 986:A or 1086:A or 628:A|0.2684,-0.5769,-0.7714,110.375,0.0334,-0.7948,0.6060,159.437,-0.9627,-0.1884,-0.1941,17.907,0.0,0.0,0.0,1.0&db=afhuman&afid=O60281"
"O60281","ZINC FINGER PROTEIN 292","E; Y; E; E;","A  99   ; B  55   ; B  89   ; D  89   ;","A1000   ; A 986   ; A1086   ; A 624   ;","none; none; none; none","1.20 A","./target.php?radio=27363731750055711|qzug|1000:A or 986:A or 1086:A or 624:A|0.1851,-0.5556,-0.8106,110.752,-0.0330,-0.8279,0.5599,158.724,-0.9822,-0.0769,-0.1716,20.165,0.0,0.0,0.0,1.0&db=afhuman&afid=O60281"
"P16278","BETA-GALACTOSIDASE","E; Y; Y; E;","A  99   ; B  36   ; B  55   ; B  89   ;","A 268   ; A 333   ; A 270   ; A 129   ;","none; none; none; none","1.21 A","./target.php?radio=27363731750055711|tgsr|268:A or 333:A or 270:A or 129:A|0.5447,0.5750,0.6105,128.948,0.7356,-0.6772,-0.0184,158.069,0.4028,0.4591,-0.7918,27.744,0.0,0.0,0.0,1.0&db=afhuman&afid=P16278"
"Q96JI7","SPATACSIN","E; Y; Y; E;","A  99   ; B  36   ; B  55   ; D  89   ;","A1795   ; A1854   ; A1900   ; A2252   ;","none; none; none; none","1.21 A","./target.php?radio=27363731750055711|iylp|1795:A or 1854:A or 1900:A or 2252:A|0.3363,-0.2233,-0.9149,49.488,0.3446,0.9333,-0.1011,121.811,0.8765,-0.2813,0.3908,7.766,0.0,0.0,0.0,1.0&db=afhuman&afid=Q96JI7"
"P29375","LYSINE-SPECIFIC DEMETHYLASE 5A","E; Y; E; E;","A  99   ; B  55   ; C  99   ; D  89   ;","A1244   ; A1019   ; A  99   ; A 344   ;","none; none; none; none","1.21 A","./target.php?radio=27363731750055711|ugym|1244:A or 1019:A or 99:A or 344:A|-0.9191,-0.1467,-0.3658,78.568,-0.3412,-0.1682,0.9248,137.552,-0.1972,0.9748,0.1045,9.658,0.0,0.0,0.0,1.0&db=afhuman&afid=P29375"
"Q9BZ29","DEDICATOR OF CYTOKINESIS PROTEIN 9","E; E; Y; E;","B  89   ; C  99   ; D  36   ; D  89   ;","A 624   ; A1770   ; A1731   ; A1729   ;","none; none; none; none","1.21 A","./target.php?radio=27363731750055711|fygc|624:A or 1770:A or 1731:A or 1729:A|-0.1707,-0.4761,0.8626,93.521,-0.9157,0.3999,0.0396,140.590,-0.3638,-0.7832,-0.5043,20.035,0.0,0.0,0.0,1.0&db=afhuman&afid=Q9BZ29"
"Q5T5C0","SYNTAXIN-BINDING PROTEIN 5","E; Y; E; E;","A  99   ; B  36   ; B  89   ; C  99   ;","A 876   ; A 657   ; A 616   ; A1130   ;","none; none; none; none","1.21 A","./target.php?radio=27363731750055711|cvme|876:A or 657:A or 616:A or 1130:A|-0.0004,0.6603,-0.7510,101.565,0.6083,-0.5960,-0.5242,146.399,-0.7937,-0.4570,-0.4014,19.876,0.0,0.0,0.0,1.0&db=afhuman&afid=Q5T5C0"
"Q8NF91","NESPRIN-1","E; Y; E; E;","A  99   ; B  55   ; C  99   ; D  89   ;","A1046   ; A 968   ; A 106   ; A 100   ;","none; none; none; none","1.21 A","./target.php?radio=27363731750055711|xteu|1046:A or 968:A or 106:A or 100:A|-0.1586,0.5276,0.8346,60.346,-0.8879,-0.4458,0.1130,115.559,0.4317,-0.7231,0.5392,10.776,0.0,0.0,0.0,1.0&db=afhuman&afid=Q8NF91"
"Q5VU65","NUCLEAR PORE MEMBRANE GLYCOPROTEIN 210-LIKE","E; Y; Y; E;","A  99   ; B  36   ; B  55   ; B  89   ;","A1043   ; A1018   ; A1044   ; A 917   ;","none; none; none; none","1.22 A","./target.php?radio=27363731750055711|lygv|1043:A or 1018:A or 1044:A or 917:A|-0.1808,0.9679,-0.1744,116.313,0.1982,0.2095,0.9575,159.167,0.9633,0.1386,-0.2297,-28.324,0.0,0.0,0.0,1.0&db=afhuman&afid=Q5VU65"
"P08F94","FIBROCYSTIN","E; E; Y; E;","A  99   ; C  99   ; D  36   ; D  89   ;","A1162   ; A 903   ; A 941   ; A 969   ;","none; none; none; none","1.22 A","./target.php?radio=27363731750055711|wcui|1162:A or 903:A or 941:A or 969:A|-0.0998,-0.5001,0.8602,112.786,-0.7192,-0.5612,-0.4097,107.947,0.6876,-0.6595,-0.3037,-28.980,0.0,0.0,0.0,1.0&db=afhuman&afid=P08F94"
"Q5THJ4","VACUOLAR PROTEIN SORTING-ASSOCIATED PROTEIN 13D","E; Y; Y; E;","A  99   ; B  36   ; D  36   ; D  89   ;","A1117   ; A1012   ; A 356   ; A 118   ;","none; none; none; none","1.22 A","./target.php?radio=27363731750055711|vshq|1117:A or 1012:A or 356:A or 118:A|0.8026,0.5905,0.0843,97.358,0.0861,0.0252,-0.9960,118.119,-0.5902,0.8067,-0.0306,13.726,0.0,0.0,0.0,1.0&db=afhuman&afid=Q5THJ4"
"Q6PFW1","INOSITOL HEXAKISPHOSPHATE AND DIPHOSPHOINOSITOL-","Y; E; Y; E;","B  55   ; C  99   ; D  36   ; D  89   ;","A1251   ; A 179   ; A 247   ; A 197   ;","none; none; none; none","1.23 A","./target.php?radio=27363731750055711|bwfs|1251:A or 179:A or 247:A or 197:A|-0.2915,-0.1049,0.9508,76.424,-0.8046,0.5644,-0.1844,114.179,-0.5173,-0.8188,-0.2489,37.745,0.0,0.0,0.0,1.0&db=afhuman&afid=Q6PFW1"
"Q96RL7","VACUOLAR PROTEIN SORTING-ASSOCIATED PROTEIN 13A","E; Y; E; Y;","A  99   ; B  36   ; B  89   ; D  36   ;","A 119   ; A 365   ; A 390   ; A1279   ;","none; none; none; none","1.23 A","./target.php?radio=27363731750055711|waoy|119:A or 365:A or 390:A or 1279:A|0.5360,-0.2007,-0.8200,109.654,0.3379,0.9411,-0.0096,115.105,0.7737,-0.2719,0.5722,16.141,0.0,0.0,0.0,1.0&db=afhuman&afid=Q96RL7"
"O94913","PRE-MRNA CLEAVAGE COMPLEX 2 PROTEIN PCF11","E; Y; Y; E;","A  99   ; B  36   ; B  55   ; D  89   ;","A1444   ; A1482   ; A1474   ; A 562   ;","none; none; none; none","1.23 A","./target.php?radio=27363731750055711|ngtw|1444:A or 1482:A or 1474:A or 562:A|0.5952,-0.7726,-0.2212,96.277,-0.5145,-0.5778,0.6337,165.082,-0.6173,-0.2633,-0.7413,-26.761,0.0,0.0,0.0,1.0&db=afhuman&afid=O94913"
"Q8NF91","NESPRIN-1","E; Y; E; E;","A  99   ; B  55   ; B  89   ; C  99   ;","A1163   ; A  33   ; A   3   ; A 876   ;","none; none; none; none","1.23 A","./target.php?radio=27363731750055711|xteu|1163:A or 33:A or 3:A or 876:A|0.3098,0.5711,-0.7602,140.512,0.5133,-0.7734,-0.3719,174.038,-0.8003,-0.2751,-0.5327,5.249,0.0,0.0,0.0,1.0&db=afhuman&afid=Q8NF91"
"Q96M86","DYNEIN HEAVY CHAIN DOMAIN-CONTAINING PROTEIN 1","E; E; Y; E;","A  99   ; C  99   ; D  36   ; D  89   ;","A1248   ; A 437   ; A 121   ; A 117   ;","none; none; none; none","1.23 A","./target.php?radio=27363731750055711|hmld|1248:A or 437:A or 121:A or 117:A|-0.0860,-0.1265,-0.9882,83.099,0.9962,-0.0249,-0.0835,122.760,-0.0140,-0.9917,0.1281,10.867,0.0,0.0,0.0,1.0&db=afhuman&afid=Q96M86"
"Q8WZ42","TITIN","Y; E; Y; E;","B  36   ; B  89   ; D  36   ; D  89   ;","A 102   ; A  72   ; A 399   ; A 370   ;","none; none; none; none","1.23 A","./target.php?radio=27363731750055711|rwbi|102:A or 72:A or 399:A or 370:A|0.4344,-0.2802,-0.8560,82.187,0.8324,0.4880,0.2627,146.100,0.3441,-0.8267,0.4452,-13.620,0.0,0.0,0.0,1.0&db=afhuman&afid=Q8WZ42"
"Q5T6X5","G-PROTEIN COUPLED RECEPTOR FAMILY C GROUP 6 MEMBER","Y; E; Y; E;","B  36   ; C  99   ; D  36   ; D  89   ;","A 823   ; A  67   ; A 148   ; A 170   ;","none; none; none; none","1.23 A","./target.php?radio=27363731750055711|asmf|823:A or 67:A or 148:A or 170:A|0.0813,-0.2347,0.9687,69.410,-0.9936,-0.0955,0.0603,103.256,0.0784,-0.9674,-0.2410,18.382,0.0,0.0,0.0,1.0&db=afhuman&afid=Q5T6X5"
"P22105","TENASCIN-X","Y; Y; E; E;","B  36   ; B  55   ; C  99   ; D  89   ;","A 400   ; A 370   ; A1149   ; A1155   ;","none; none; none; none","1.23 A","./target.php?radio=27363731750055711|nmlc|400:A or 370:A or 1149:A or 1155:A|0.8373,-0.3782,0.3949,86.508,-0.4073,0.0504,0.9119,163.851,-0.3648,-0.9244,-0.1119,11.584,0.0,0.0,0.0,1.0&db=afhuman&afid=P22105"
"A9Z1Z3","FER-1-LIKE PROTEIN 4","E; E; E; E;","A  99   ; B  89   ; C  99   ; D  89   ;","A1707   ; A1713   ; A 491   ; A 494   ;","none; none; none; none","1.23 A","./target.php?radio=27363731750055711|cato|1707:A or 1713:A or 491:A or 494:A|0.9770,-0.0275,0.2116,89.104,0.1949,0.5187,-0.8324,124.306,-0.0869,0.8545,0.5121,28.543,0.0,0.0,0.0,1.0&db=afhuman&afid=A9Z1Z3"
"P23471","RECEPTOR-TYPE TYROSINE-PROTEIN PHOSPHATASE ZETA","E; E; Y; E;","A  99   ; C  99   ; D  36   ; D  89   ;","A 632   ; A 304   ; A 229   ; A  68   ;","none; none; none; none","1.24 A","./target.php?radio=27363731750055711|debk|632:A or 304:A or 229:A or 68:A|0.9019,-0.0071,0.4319,67.640,0.3557,0.5797,-0.7331,133.386,-0.2452,0.8148,0.5253,32.178,0.0,0.0,0.0,1.0&db=afhuman&afid=P23471"
"Q9Y4D8","PROBABLE E3 UBIQUITIN-PROTEIN LIGASE HECTD4","E; E; Y; E;","A  99   ; C  99   ; D  36   ; D  89   ;","A 953   ; A 475   ; A 536   ; A 538   ;","none; none; none; none","1.24 A","./target.php?radio=27363731750055711|okkf|953:A or 475:A or 536:A or 538:A|-0.1652,-0.2060,0.9645,107.911,-0.9747,-0.1154,-0.1916,134.925,0.1508,-0.9717,-0.1817,-6.511,0.0,0.0,0.0,1.0&db=afhuman&afid=Q9Y4D8"
"Q07283","TRICHOHYALIN","E; E; E; E;","A  99   ; B  89   ; C  99   ; D  89   ;","A1569   ; A1053   ; A1172   ; A1165   ;","none; none; none; none","1.24 A","./target.php?radio=27363731750055711|kdgi|1569:A or 1053:A or 1172:A or 1165:A|0.6912,0.6820,0.2390,137.123,0.4367,-0.1307,-0.8901,172.047,-0.5758,0.7196,-0.3881,22.590,0.0,0.0,0.0,1.0&db=afhuman&afid=Q07283"
"Q96QT4","TRANSIENT RECEPTOR POTENTIAL CATION CHANNEL SUBFAMI","E; E; Y; E;","A  99   ; B  89   ; D  36   ; D  89   ;","A1745   ; A1726   ; A1051   ; A1052   ;","none; none; none; none","1.24 A","./target.php?radio=27363731750055711|lppu|1745:A or 1726:A or 1051:A or 1052:A|-0.7530,-0.6327,0.1806,122.474,0.5460,-0.4477,0.7082,98.466,-0.3672,0.6319,0.6826,17.534,0.0,0.0,0.0,1.0&db=afhuman&afid=Q96QT4"
"O00187","MANNAN-BINDING LECTIN SERINE PROTEASE 2","E; Y; Y; E;","A  99   ; B  55   ; D  36   ; D  89   ;","A 424   ; A 410   ; A 107   ; A 137   ;","none; none; none; none","1.24 A","./target.php?radio=27363731750055711|stas|424:A or 410:A or 107:A or 137:A|0.8658,0.4535,-0.2116,109.880,0.0562,-0.5082,-0.8594,146.804,-0.4973,0.7321,-0.4655,16.885,0.0,0.0,0.0,1.0&db=afhuman&afid=O00187"
"Q9Y4D8","PROBABLE E3 UBIQUITIN-PROTEIN LIGASE HECTD4","E; Y; E; E;","A  99   ; B  36   ; B  89   ; D  89   ;","A 538   ; A 493   ; A 475   ; A 953   ;","none; none; none; none","1.24 A","./target.php?radio=27363731750055711|okkf|538:A or 493:A or 475:A or 953:A|0.8962,-0.3965,-0.1991,71.268,0.1986,0.7598,-0.6192,123.379,0.3968,0.5153,0.7596,25.912,0.0,0.0,0.0,1.0&db=afhuman&afid=Q9Y4D8"
"A0A087WUL8","NEUROBLASTOMA BREAKPOINT FAMILY MEMBER 19","E; Y; Y; E;","A  99   ; B  55   ; D  36   ; D  89   ;","A  45   ; A  47   ; A1205   ; A1203   ;","none; none; none; none","1.24 A","./target.php?radio=27363731750055711|sypz|45:A or 47:A or 1205:A or 1203:A|-0.3081,-0.1072,-0.9453,112.160,0.7742,0.5493,-0.3146,186.080,0.5530,-0.8287,-0.0863,60.790,0.0,0.0,0.0,1.0&db=afhuman&afid=A0A087WUL8"
"Q6ZQQ6","WD REPEAT-CONTAINING PROTEIN 87","E; E; E; E;","A  99   ; B  89   ; C  99   ; D  89   ;","A 442   ; A 334   ; A 861   ; A 868   ;","none; none; none; none","1.24 A","./target.php?radio=27363731750055711|xkkv|442:A or 334:A or 861:A or 868:A|0.0860,0.6740,-0.7337,83.520,0.7674,-0.5144,-0.3827,91.778,-0.6354,-0.5302,-0.5615,41.136,0.0,0.0,0.0,1.0&db=afhuman&afid=Q6ZQQ6"
"Q8WZ42","TITIN","Y; E; Y; E;","B  36   ; B  89   ; D  36   ; D  89   ;","A  56   ; A  26   ; A 352   ; A 323   ;","none; none; none; none","1.24 A","./target.php?radio=27363731750055711|ahom|56:A or 26:A or 352:A or 323:A|-0.3309,0.2532,-0.9090,48.309,0.9436,0.0736,-0.3230,81.083,-0.0149,-0.9646,-0.2633,13.960,0.0,0.0,0.0,1.0&db=afhuman&afid=Q8WZ42"
