"Matches found in filtered_8v9w_residues(AlphaFold)","Description","Residues","Query","Database Hits","Heteroatoms Notes in Database hit","RMSD","Viewer"
"O15519","CASP8 AND FADD-LIKE APOPTOSIS REGULATOR","D; R; N; T; D;","A  52   ; A  53   ; A  76   ; B  28   ; B  52   ;","A 343   ; A 338   ; A 382   ; A 270   ; A 258   ;","none; none; none; none; none","1.01 A","./target.php?radio=27363721750056492|ecga|343:A or 338:A or 382:A or 270:A or 258:A|-0.7073,0.0901,0.7012,17.441,-0.0067,-0.9926,0.1208,-9.682,0.7069,0.0808,0.7027,-10.248,0.0,0.0,0.0,1.0&db=afhuman&afid=O15519"
"P43652","AFAMIN","T; N; D; D; N;","A  28   ; A  32   ; A  52   ; A  73   ; A  76   ;","A 281   ; A 286   ; A  28   ; A 261   ; A 265   ;","none; none; none; none; none","1.27 A","./target.php?radio=27363721750056492|eqgp|281:A or 286:A or 28:A or 261:A or 265:A|0.6064,-0.2334,0.7602,-2.598,-0.1971,0.8820,0.4281,15.504,-0.7704,-0.4094,0.4888,-17.150,0.0,0.0,0.0,1.0&db=afhuman&afid=P43652"
"P54707","POTASSIUM-TRANSPORTING ATPASE ALPHA CHAIN 2","T; D; D; N; T;","A  28   ; A  52   ; A  73   ; A  76   ; B  28   ;","A 613   ; A 391   ; A 768   ; A 769   ; A 268   ;","none; none; none; none; none","1.31 A","./target.php?radio=27363721750056492|ohlm|613:A or 391:A or 768:A or 769:A or 268:A|0.0863,0.9826,0.1646,19.964,0.0064,-0.1657,0.9861,12.785,0.9962,-0.0840,-0.0206,-29.765,0.0,0.0,0.0,1.0&db=afhuman&afid=P54707"
"Q8IY51","TIGGER TRANSPOSABLE ELEMENT-DERIVED PROTEIN 4","N; R; N; N; D;","A  32   ; A  53   ; A  76   ; B  32   ; B  52   ;","A 165   ; A  96   ; A 172   ; A 124   ; A 125   ;","none; none; none; none; none","1.34 A","./target.php?radio=27363721750056492|gvle|165:A or 96:A or 172:A or 124:A or 125:A|0.9576,-0.2441,-0.1530,36.993,0.1645,0.8992,-0.4054,16.948,0.2365,0.3630,0.9013,-20.381,0.0,0.0,0.0,1.0&db=afhuman&afid=Q8IY51"
"Q8TE59","A DISINTEGRIN AND METALLOPROTEINASE WITH THROMBOSPO","N; N; T; N; D;","A  32   ; A  76   ; B  28   ; B  32   ; B  52   ;","A 545   ; A 550   ; A 450   ; A 472   ; A 471   ;","none; none; none; none; none","1.37 A","./target.php?radio=27363721750056492|bann|545:A or 550:A or 450:A or 472:A or 471:A|0.2200,-0.9317,-0.2892,23.181,-0.9375,-0.1199,-0.3268,5.275,0.2697,0.3430,-0.8998,-15.835,0.0,0.0,0.0,1.0&db=afhuman&afid=Q8TE59"
"Q8IVJ1","SOLUTE CARRIER FAMILY 41 MEMBER 1","T; N; D; N; T;","A  28   ; A  32   ; A  52   ; A  76   ; B  28   ;","A 312   ; A 476   ; A 475   ; A 179   ; A 447   ;","none; none; none; none; none","1.38 A","./target.php?radio=27363721750056492|wdlm|312:A or 476:A or 475:A or 179:A or 447:A|-0.0998,-0.9325,-0.3472,17.100,0.8451,-0.2636,0.4651,8.742,-0.5252,-0.2470,0.8143,-3.429,0.0,0.0,0.0,1.0&db=afhuman&afid=Q8IVJ1"
"Q5VSL9","STRIATIN-INTERACTING PROTEIN 1","N; N; T; N; D;","A  32   ; A  76   ; B  28   ; B  32   ; B  52   ;","A 592   ; A 779   ; A 469   ; A 748   ; A 749   ;","none; none; none; none; none","1.39 A","./target.php?radio=27363721750056492|ylzw|592:A or 779:A or 469:A or 748:A or 749:A|0.0036,-0.5067,-0.8621,1.830,0.2834,0.8273,-0.4851,-9.692,0.9590,-0.2425,0.1466,-15.708,0.0,0.0,0.0,1.0&db=afhuman&afid=Q5VSL9"
"Q9NZR2","LOW-DENSITY LIPOPROTEIN RECEPTOR-RELATED PROTEIN 1B","N; D; N; T; D;","A  32   ; A  52   ; A  76   ; B  28   ; B  52   ;","A 930   ; A 926   ; A 953   ; A1202   ; A1100   ;","none; none; none; none; none","1.39 A","./target.php?radio=27363721750056492|iajy|930:A or 926:A or 953:A or 1202:A or 1100:A|-0.0337,-0.6815,-0.7311,44.656,-0.6954,0.5414,-0.4726,-1.949,0.7179,0.4924,-0.4921,-55.273,0.0,0.0,0.0,1.0&db=afhuman&afid=Q9NZR2"
"Q9UK73","PROTEIN FEM-1 HOMOLOG B","T; D; T; N; D;","A  28   ; A  73   ; B  28   ; B  32   ; B  52   ;","A 272   ; A 263   ; A 123   ; A 151   ; A 154   ;","none; none; none; none; none","1.40 A","./target.php?radio=27363721750056492|askq|272:A or 263:A or 123:A or 151:A or 154:A|0.4885,-0.4004,0.7753,22.678,-0.8297,0.0619,0.5547,15.178,-0.2701,-0.9143,-0.3020,-3.088,0.0,0.0,0.0,1.0&db=afhuman&afid=Q9UK73"
"P0DMV8","HEAT SHOCK 70 KDA PROTEIN 1A","N; N; T; N; D;","A  32   ; A  76   ; B  28   ; B  32   ; B  52   ;","A 194   ; A 360   ; A 450   ; A 454   ; A 152   ;","none; none; none; none; none","1.40 A","./target.php?radio=27363721750056492|lfae|194:A or 360:A or 450:A or 454:A or 152:A|-0.6912,-0.3524,-0.6310,10.815,0.6287,0.1374,-0.7654,15.055,0.3564,-0.9257,0.1265,5.430,0.0,0.0,0.0,1.0&db=afhuman&afid=P0DMV8"
"Q6ZMW3","ECHINODERM MICROTUBULE-ASSOCIATED PROTEIN-LIKE 6","D; D; T; N; D;","A  52   ; A  73   ; B  28   ; B  32   ; B  52   ;","A 794   ; A 642   ; A 501   ; A 469   ; A 470   ;","none; none; none; none; none","1.41 A","./target.php?radio=27363721750056492|ayzp|794:A or 642:A or 501:A or 469:A or 470:A|0.6401,-0.6524,0.4058,8.769,0.2307,-0.3406,-0.9115,-3.795,0.7328,0.6771,-0.0675,-27.261,0.0,0.0,0.0,1.0&db=afhuman&afid=Q6ZMW3"
"Q8TF05","SERINE/THREONINE-PROTEIN PHOSPHATASE 4 REGULATORY S","D; R; D; N; D;","A  52   ; A  53   ; A  73   ; A  76   ; B  52   ;","A 713   ; A 718   ; A 751   ; A 755   ; A 579   ;","none; none; none; none; none","1.41 A","./target.php?radio=27363721750056492|rqcv|713:A or 718:A or 751:A or 755:A or 579:A|0.6595,0.7381,-0.1424,14.890,-0.5383,0.3315,-0.7748,-0.786,-0.5247,0.5877,0.6159,-43.308,0.0,0.0,0.0,1.0&db=afhuman&afid=Q8TF05"
"Q15413","RYANODINE RECEPTOR 3","T; R; D; N; D;","A  28   ; A  53   ; A  73   ; A  76   ; B  52   ;","A1349   ; A 723   ; A 708   ; A1386   ; A 830   ;","none; none; none; none; none","1.42 A","./target.php?radio=27363721750056492|zwoc|1349:A or 723:A or 708:A or 1386:A or 830:A|0.9794,0.0587,-0.1931,-2.317,-0.1865,-0.1022,-0.9771,-7.516,-0.0771,0.9930,-0.0892,-8.871,0.0,0.0,0.0,1.0&db=afhuman&afid=Q15413"
"P54652","HEAT SHOCK-RELATED 70 KDA PROTEIN 2","N; N; T; N; D;","A  32   ; A  76   ; B  28   ; B  32   ; B  52   ;","A 197   ; A 363   ; A 453   ; A 457   ; A 153   ;","none; none; none; none; none","1.42 A","./target.php?radio=27363721750056492|walh|197:A or 363:A or 453:A or 457:A or 153:A|-0.3222,-0.9435,-0.0776,15.647,0.3643,-0.0479,-0.9300,14.167,0.8738,-0.3279,0.3592,7.066,0.0,0.0,0.0,1.0&db=afhuman&afid=P54652"
"Q9UBT7","ALPHA-CATULIN","T; D; N; T; N;","A  28   ; A  52   ; A  76   ; B  28   ; B  32   ;","A 244   ; A 263   ; A 500   ; A  34   ; A 213   ;","none; none; none; none; none","1.42 A","./target.php?radio=27363721750056492|miri|244:A or 263:A or 500:A or 34:A or 213:A|-0.4510,-0.7507,0.4827,33.071,0.8442,-0.1833,0.5036,13.095,-0.2896,0.6347,0.7165,-11.911,0.0,0.0,0.0,1.0&db=afhuman&afid=Q9UBT7"
"Q92973","TRANSPORTIN-1","N; D; D; N; D;","A  32   ; A  52   ; A  73   ; B  32   ; B  52   ;","A 876   ; A 874   ; A 882   ; A 852   ; A 814   ;","none; none; none; none; none","1.43 A","./target.php?radio=27363721750056492|wmbk|876:A or 874:A or 882:A or 852:A or 814:A|-0.1621,0.0160,0.9867,-3.954,0.3388,-0.9382,0.0709,2.205,0.9268,0.3458,0.1466,27.011,0.0,0.0,0.0,1.0&db=afhuman&afid=Q92973"
"Q96JG9","ZINC FINGER PROTEIN 469","D; R; T; N; D;","A  52   ; A  53   ; B  28   ; B  32   ; B  52   ;","A 754   ; A 755   ; A 599   ; A 596   ; A 595   ;","none; none; none; none; none","1.43 A","./target.php?radio=27363721750056492|xblq|754:A or 755:A or 599:A or 596:A or 595:A|0.0422,0.9962,-0.0765,19.789,0.4161,-0.0871,-0.9051,7.931,-0.9083,0.0064,-0.4182,-81.840,0.0,0.0,0.0,1.0&db=afhuman&afid=Q96JG9"
"Q8WXG9","ADHESION G-PROTEIN COUPLED RECEPTOR V1","T; N; N; T; N;","A  28   ; A  32   ; A  76   ; B  28   ; B  32   ;","A1257   ; A1300   ; A1259   ; A1328   ; A1326   ;","none; none; none; none; none","1.43 A","./target.php?radio=27363721750056492|orux|1257:A or 1300:A or 1259:A or 1328:A or 1326:A|-0.3389,0.9178,0.2069,26.874,-0.8372,-0.3946,0.3787,-14.972,0.4292,-0.0449,0.9021,26.748,0.0,0.0,0.0,1.0&db=afhuman&afid=Q8WXG9"
"O43426","SYNAPTOJANIN-1","T; N; N; T; D;","A  28   ; A  32   ; A  76   ; B  28   ; B  52   ;","A 101   ; A 161   ; A 124   ; A 681   ; A 488   ;","none; none; none; none; none","1.43 A","./target.php?radio=27363721750056492|eobb|101:A or 161:A or 124:A or 681:A or 488:A|0.3254,0.8771,-0.3532,28.551,0.8912,-0.1597,0.4245,0.649,0.3160,-0.4529,-0.8337,-6.870,0.0,0.0,0.0,1.0&db=afhuman&afid=O43426"
"Q16518","RETINOID ISOMEROHYDROLASE","T; N; N; T; N;","A  28   ; A  32   ; A  76   ; B  28   ; B  32   ;","A 432   ; A 316   ; A 451   ; A  18   ; A 521   ;","none; none; none; none; none","1.43 A","./target.php?radio=27363721750056492|rabv|432:A or 316:A or 451:A or 18:A or 521:A|0.5527,0.6241,0.5523,27.689,-0.4698,0.7807,-0.4120,-9.845,-0.6883,-0.0318,0.7247,-15.709,0.0,0.0,0.0,1.0&db=afhuman&afid=Q16518"
"Q8IW92","BETA-GALACTOSIDASE-1-LIKE PROTEIN 2","N; D; T; N; D;","A  32   ; A  73   ; B  28   ; B  32   ; B  52   ;","A 414   ; A 449   ; A 230   ; A 233   ; A 235   ;","none; none; none; none; none","1.43 A","./target.php?radio=27363721750056492|pevt|414:A or 449:A or 230:A or 233:A or 235:A|0.1706,0.7722,-0.6120,32.198,0.3006,0.5507,0.7787,7.590,0.9384,-0.3168,-0.1381,-10.100,0.0,0.0,0.0,1.0&db=afhuman&afid=Q8IW92"
"Q96PZ7","CUB AND SUSHI DOMAIN-CONTAINING PROTEIN 1","T; N; D; T; D;","A  28   ; A  32   ; A  73   ; B  28   ; B  52   ;","A1249   ; A1252   ; A1295   ; A 137   ; A 111   ;","none; none; none; none; none","1.43 A","./target.php?radio=27363721750056492|dofe|1249:A or 1252:A or 1295:A or 137:A or 111:A|-0.1167,0.9373,0.3283,9.122,-0.9494,-0.2024,0.2404,-12.471,0.2917,-0.2837,0.9135,-36.102,0.0,0.0,0.0,1.0&db=afhuman&afid=Q96PZ7"
"Q9ULQ0","STRIATIN-INTERACTING PROTEIN 2","N; N; T; N; D;","A  32   ; A  76   ; B  28   ; B  32   ; B  52   ;","A 588   ; A 775   ; A 465   ; A 744   ; A 745   ;","none; none; none; none; none","1.44 A","./target.php?radio=27363721750056492|gtss|588:A or 775:A or 465:A or 744:A or 745:A|0.0123,-0.5255,-0.8507,2.367,0.2012,0.8347,-0.5127,-9.978,0.9795,-0.1649,0.1160,-16.251,0.0,0.0,0.0,1.0&db=afhuman&afid=Q9ULQ0"
"A5A3E0","POTE ANKYRIN DOMAIN FAMILY MEMBER F","D; N; T; N; D;","A  73   ; A  76   ; B  28   ; B  32   ; B  52   ;","A 203   ; A 204   ; A1051   ; A 463   ; A 462   ;","none; none; none; none; none","1.44 A","./target.php?radio=27363721750056492|dfjm|203:A or 204:A or 1051:A or 463:A or 462:A|-0.7403,-0.1981,-0.6425,33.518,0.5302,-0.7597,-0.3766,-6.372,-0.4134,-0.6194,0.6674,17.654,0.0,0.0,0.0,1.0&db=afhuman&afid=A5A3E0"
"Q9Y223","BIFUNCTIONAL UDP-N-ACETYLGLUCOSAMINE","T; N; R; D; D;","A  28   ; A  32   ; A  53   ; A  73   ; B  52   ;","A 223   ; A 253   ; A 113   ; A 112   ; A 105   ;","none; none; none; none; none","1.44 A","./target.php?radio=27363721750056492|onja|223:A or 253:A or 113:A or 112:A or 105:A|0.3831,-0.6668,0.6392,26.976,-0.6847,0.2595,0.6811,21.404,-0.6200,-0.6986,-0.3572,-12.153,0.0,0.0,0.0,1.0&db=afhuman&afid=Q9Y223"
"P98088","MUCIN-5AC","D; R; N; T; N;","A  52   ; A  53   ; A  76   ; B  28   ; B  32   ;","A  94   ; A  92   ; A  58   ; A   1   ; A  15   ;","none; none; none; none; none","1.45 A","./target.php?radio=27363721750056492|mntn|94:A or 92:A or 58:A or 1:A or 15:A|0.4641,-0.3667,-0.8063,75.467,0.2453,-0.8215,0.5148,-27.156,-0.8511,-0.4367,-0.2913,-5.821,0.0,0.0,0.0,1.0&db=afhuman&afid=P98088"
"Q8WXG9","ADHESION G-PROTEIN COUPLED RECEPTOR V1","T; N; N; T; N;","A  28   ; A  32   ; A  76   ; B  28   ; B  32   ;","A1057   ; A1100   ; A1059   ; A1128   ; A1126   ;","none; none; none; none; none","1.45 A","./target.php?radio=27363721750056492|jpte|1057:A or 1100:A or 1059:A or 1128:A or 1126:A|0.0192,0.5861,-0.8100,17.046,-0.9610,0.2342,0.1467,-15.882,0.2757,0.7756,0.5678,-2.335,0.0,0.0,0.0,1.0&db=afhuman&afid=Q8WXG9"
"O75829","LEUKOCYTE CELL-DERIVED CHEMOTAXIN 1","T; N; D; N; D;","A  28   ; A  32   ; A  73   ; B  32   ; B  52   ;","A 121   ; A 118   ; A 273   ; A 257   ; A 259   ;","none; none; none; none; none","1.45 A","./target.php?radio=27363721750056492|gxzi|121:A or 118:A or 273:A or 257:A or 259:A|-0.8804,-0.3642,-0.3038,9.259,-0.4351,0.3656,0.8228,6.153,-0.1886,0.8566,-0.4803,-22.318,0.0,0.0,0.0,1.0&db=afhuman&afid=O75829"
"Q9NSI6","BROMODOMAIN AND WD REPEAT-CONTAINING PROTEIN 1","T; D; R; D; N;","A  28   ; A  52   ; A  53   ; A  73   ; B  32   ;","A 171   ; A1036   ; A 482   ; A 497   ; A 988   ;","none; none; none; none; none","1.45 A","./target.php?radio=27363721750056492|ddqk|171:A or 1036:A or 482:A or 497:A or 988:A|-0.4428,-0.7405,0.5055,14.498,-0.2321,-0.4500,-0.8624,-5.816,0.8661,-0.4992,0.0274,13.003,0.0,0.0,0.0,1.0&db=afhuman&afid=Q9NSI6"
"Q14563","SEMAPHORIN-3A","D; N; T; N; D;","A  73   ; A  76   ; B  28   ; B  32   ; B  52   ;","A 454   ; A 428   ; A 142   ; A 116   ; A  75   ;","none; none; none; none; none","1.45 A","./target.php?radio=27363721750056492|onoi|454:A or 428:A or 142:A or 116:A or 75:A|0.3020,-0.1983,-0.9324,27.779,-0.2549,0.9257,-0.2794,0.985,0.9186,0.3221,0.2291,-16.709,0.0,0.0,0.0,1.0&db=afhuman&afid=Q14563"
"Q8IWU9","TRYPTOPHAN 5-HYDROXYLASE 2","N; D; R; T; D;","A  32   ; A  52   ; A  53   ; B  28   ; B  52   ;","A 185   ; A 184   ; A 188   ; A 274   ; A 286   ;","none; none; none; none; none","1.45 A","./target.php?radio=27363721750056492|kuvi|185:A or 184:A or 188:A or 274:A or 286:A|-0.5386,0.2196,-0.8135,28.541,0.2960,-0.8546,-0.4267,3.860,-0.7889,-0.4706,0.3953,3.715,0.0,0.0,0.0,1.0&db=afhuman&afid=Q8IWU9"
"Q9NZR2","LOW-DENSITY LIPOPROTEIN RECEPTOR-RELATED PROTEIN 1B","R; D; N; T; D;","A  53   ; A  73   ; A  76   ; B  28   ; B  52   ;","A  17   ; A  33   ; A  29   ; A 673   ; A 647   ;","none; none; none; none; none","1.45 A","./target.php?radio=27363721750056492|ftwv|17:A or 33:A or 29:A or 673:A or 647:A|-0.8851,0.4654,-0.0010,7.152,0.4568,0.8683,-0.1934,-5.594,-0.0891,-0.1716,-0.9811,-7.959,0.0,0.0,0.0,1.0&db=afhuman&afid=Q9NZR2"
"P16473","THYROTROPIN RECEPTOR","N; N; T; N; D;","A  32   ; A  76   ; B  28   ; B  32   ; B  52   ;","A  74   ; A  77   ; A 165   ; A 187   ; A 160   ;","none; none; none; none; none","1.46 A","./target.php?radio=27363721750056492|gyjj|74:A or 77:A or 165:A or 187:A or 160:A|-0.6743,0.7269,-0.1301,37.510,-0.4886,-0.5713,-0.6594,7.577,-0.5536,-0.3811,0.7404,28.767,0.0,0.0,0.0,1.0&db=afhuman&afid=P16473"
"P35442","THROMBOSPONDIN-2","N; D; N; T; D;","A  32   ; A  52   ; A  76   ; B  28   ; B  52   ;","A 837   ; A 848   ; A 860   ; A1013   ; A1009   ;","none; none; none; none; none","1.46 A","./target.php?radio=27363721750056492|zorj|837:A or 848:A or 860:A or 1013:A or 1009:A|0.4547,-0.7089,-0.5392,22.102,0.8034,0.0652,0.5918,-2.249,-0.3843,-0.7023,0.5992,8.000,0.0,0.0,0.0,1.0&db=afhuman&afid=P35442"
"Q9H2U1","ATP-DEPENDENT DNA/RNA HELICASE DHX36","T; N; T; N; D;","A  28   ; A  32   ; B  28   ; B  32   ; B  52   ;","A 530   ; A 796   ; A 861   ; A 582   ; A 578   ;","none; none; none; none; none","1.47 A","./target.php?radio=27363721750056492|gyez|530:A or 796:A or 861:A or 582:A or 578:A|-0.7474,0.1957,0.6349,11.545,0.1270,-0.8959,0.4257,9.016,0.6521,0.3988,0.6448,-5.551,0.0,0.0,0.0,1.0&db=afhuman&afid=Q9H2U1"
"Q8WXG9","ADHESION G-PROTEIN COUPLED RECEPTOR V1","T; N; N; T; N;","A  28   ; A  32   ; A  76   ; B  28   ; B  32   ;","A 657   ; A 700   ; A 659   ; A 728   ; A 726   ;","none; none; none; none; none","1.47 A","./target.php?radio=27363721750056492|rexo|657:A or 700:A or 659:A or 728:A or 726:A|-0.1216,0.8457,0.5196,32.058,0.9901,0.1406,0.0029,6.138,-0.0706,0.5148,-0.8544,-19.457,0.0,0.0,0.0,1.0&db=afhuman&afid=Q8WXG9"
"P50851","LIPOPOLYSACCHARIDE-RESPONSIVE AND BEIGE-LIKE ANCHOR","T; D; N; N; D;","A  28   ; A  73   ; A  76   ; B  32   ; B  52   ;","A 751   ; A 839   ; A 766   ; A 949   ; A 953   ;","none; none; none; none; none","1.47 A","./target.php?radio=27363721750056492|gijb|751:A or 839:A or 766:A or 949:A or 953:A|-0.7727,-0.3519,0.5283,23.097,-0.6199,0.5971,-0.5091,2.651,-0.1363,-0.7209,-0.6795,-22.380,0.0,0.0,0.0,1.0&db=afhuman&afid=P50851"
"P50851","LIPOPOLYSACCHARIDE-RESPONSIVE AND BEIGE-LIKE ANCHOR","T; D; N; N; D;","A  28   ; A  73   ; A  76   ; B  32   ; B  52   ;","A 951   ; A1039   ; A 966   ; A1149   ; A1153   ;","none; none; none; none; none","1.48 A","./target.php?radio=27363721750056492|mcpk|951:A or 1039:A or 966:A or 1149:A or 1153:A|0.1694,0.4216,-0.8908,3.470,-0.1832,0.9016,0.3919,6.794,0.9684,0.0968,0.2300,-17.571,0.0,0.0,0.0,1.0&db=afhuman&afid=P50851"
"Q9Y623","MYOSIN-4","T; D; T; N; D;","A  28   ; A  52   ; B  28   ; B  32   ; B  52   ;","A1332   ; A1343   ; A1421   ; A1427   ; A1431   ;","none; none; none; none; none","1.48 A","./target.php?radio=27363721750056492|mart|1332:A or 1343:A or 1421:A or 1427:A or 1431:A|0.6760,0.3998,-0.6190,4.676,-0.3750,0.9098,0.1782,-43.344,0.6344,0.1117,0.7649,14.673,0.0,0.0,0.0,1.0&db=afhuman&afid=Q9Y623"
"Q86UQ4","ATP-BINDING CASSETTE SUB-FAMILY A MEMBER 13","T; N; D; N; T;","A  28   ; A  32   ; A  73   ; A  76   ; B  28   ;","A 181   ; A 186   ; A 148   ; A 152   ; A  69   ;","none; none; none; none; none","1.48 A","./target.php?radio=27363721750056492|hgyt|181:A or 186:A or 148:A or 152:A or 69:A|0.9395,-0.1569,0.3045,12.060,-0.3402,-0.3245,0.8826,-23.539,-0.0397,-0.9328,-0.3582,0.518,0.0,0.0,0.0,1.0&db=afhuman&afid=Q86UQ4"
"P35968","VASCULAR ENDOTHELIAL GROWTH FACTOR RECEPTOR 2","T; D; D; N; D;","A  28   ; A  52   ; A  73   ; A  76   ; B  52   ;","A 572   ; A 646   ; A 574   ; A 622   ; A 490   ;","none; none; none; none; none","1.48 A","./target.php?radio=27363721750056492|fbgh|572:A or 646:A or 574:A or 622:A or 490:A|-0.8558,-0.1113,0.5053,62.547,0.1580,-0.9862,0.0504,11.845,0.4927,0.1229,0.8615,-0.980,0.0,0.0,0.0,1.0&db=afhuman&afid=P35968"
"O43151","METHYLCYTOSINE DIOXYGENASE TET3","T; N; R; T; N;","A  28   ; A  32   ; A  53   ; B  28   ; B  32   ;","A 827   ; A 918   ; A 911   ; A1143   ; A1645   ;","none; none; none; none; none","1.49 A","./target.php?radio=27363721750056492|fmpv|827:A or 918:A or 911:A or 1143:A or 1645:A|0.2104,-0.9417,-0.2625,36.905,0.7836,0.3230,-0.5307,11.131,0.5846,-0.0941,0.8059,-8.599,0.0,0.0,0.0,1.0&db=afhuman&afid=O43151"
"Q9H1H9","KINESIN-LIKE PROTEIN KIF13A","D; R; N; T; D;","A  52   ; A  53   ; A  76   ; B  28   ; B  52   ;","A1100   ; A1097   ; A1181   ; A1722   ; A1162   ;","none; none; none; none; none","1.49 A","./target.php?radio=27363721750056492|peaa|1100:A or 1097:A or 1181:A or 1722:A or 1162:A|-0.4188,-0.8915,0.1725,0.112,-0.8288,0.4529,0.3286,5.901,-0.3711,-0.0054,-0.9286,-35.159,0.0,0.0,0.0,1.0&db=afhuman&afid=Q9H1H9"
"Q8TDW7","PROTOCADHERIN FAT 3","T; D; D; N; D;","A  28   ; A  52   ; A  73   ; A  76   ; B  52   ;","A 468   ; A 525   ; A 530   ; A 555   ; A  84   ;","none; none; none; none; none","1.49 A","./target.php?radio=27363721750056492|qbvi|468:A or 525:A or 530:A or 555:A or 84:A|-0.1498,0.9841,-0.0952,7.773,-0.0581,0.0873,0.9945,1.331,0.9870,0.1545,0.0441,-27.277,0.0,0.0,0.0,1.0&db=afhuman&afid=Q8TDW7"
"P07996","THROMBOSPONDIN-1","N; D; N; T; D;","A  32   ; A  52   ; A  76   ; B  28   ; B  52   ;","A 835   ; A 846   ; A 858   ; A1011   ; A1007   ;","none; none; none; none; none","1.49 A","./target.php?radio=27363721750056492|rzgm|835:A or 846:A or 858:A or 1011:A or 1007:A|-0.9891,0.1457,0.0200,17.576,0.1467,0.9872,0.0629,-9.647,-0.0105,0.0651,-0.9978,6.678,0.0,0.0,0.0,1.0&db=afhuman&afid=P07996"
"Q9P225","DYNEIN HEAVY CHAIN 2, AXONEMAL","N; D; N; N; D;","A  32   ; A  52   ; A  76   ; B  32   ; B  52   ;","A1339   ; A1335   ; A 739   ; A 688   ; A 685   ;","none; none; none; none; none","1.50 A","./target.php?radio=27363721750056492|xmjj|1339:A or 1335:A or 739:A or 688:A or 685:A|0.6909,-0.5907,-0.4169,36.914,-0.5565,-0.8026,0.2148,12.863,-0.4615,0.0836,-0.8832,-34.009,0.0,0.0,0.0,1.0&db=afhuman&afid=Q9P225"
"Q8TDW7","PROTOCADHERIN FAT 3","T; D; D; N; D;","A  28   ; A  52   ; A  73   ; A  76   ; B  52   ;","A1268   ; A1325   ; A1330   ; A1355   ; A 884   ;","none; none; none; none; none","1.50 A","./target.php?radio=27363721750056492|cngi|1268:A or 1325:A or 1330:A or 1355:A or 884:A|0.4712,-0.7935,0.3851,11.100,-0.8698,-0.4905,0.0537,1.050,0.1462,-0.3602,-0.9213,9.324,0.0,0.0,0.0,1.0&db=afhuman&afid=Q8TDW7"
"P50851","LIPOPOLYSACCHARIDE-RESPONSIVE AND BEIGE-LIKE ANCHOR","T; D; N; N; D;","A  28   ; A  73   ; A  76   ; B  32   ; B  52   ;","A1151   ; A1239   ; A1166   ; A1349   ; A1353   ;","none; none; none; none; none","1.50 A","./target.php?radio=27363721750056492|zkmp|1151:A or 1239:A or 1166:A or 1349:A or 1353:A|0.8884,-0.1830,-0.4210,-1.657,-0.2669,-0.9521,-0.1493,13.346,-0.3735,0.2450,-0.8947,-32.263,0.0,0.0,0.0,1.0&db=afhuman&afid=P50851"
"Q12929","EPIDERMAL GROWTH FACTOR RECEPTOR KINASE SUBSTRATE 8","D; R; D; T; D;","A  52   ; A  53   ; A  73   ; B  28   ; B  52   ;","A 186   ; A 194   ; A 197   ; A 102   ; A 146   ;","none; none; none; none; none","1.50 A","./target.php?radio=27363721750056492|vdoh|186:A or 194:A or 197:A or 102:A or 146:A|0.1787,0.8902,-0.4191,37.653,0.8179,0.1024,0.5662,-0.439,0.5469,-0.4440,-0.7098,14.427,0.0,0.0,0.0,1.0&db=afhuman&afid=Q12929"
"P0DPD8","EEF1AKMT4-ECE2 READTHROUGH TRANSCRIPT PROTEIN","T; N; D; D; T;","A  28   ; A  32   ; A  52   ; A  73   ; B  28   ;","A 755   ; A 781   ; A 784   ; A 727   ; A 552   ;","none; none; none; none; none","1.51 A","./target.php?radio=27363721750056492|repb|755:A or 781:A or 784:A or 727:A or 552:A|-0.0864,-0.5534,-0.8284,24.300,0.9103,-0.3817,0.1601,-2.202,-0.4048,-0.7403,0.5367,-8.285,0.0,0.0,0.0,1.0&db=afhuman&afid=P0DPD8"
"Q8IW92","BETA-GALACTOSIDASE-1-LIKE PROTEIN 2","T; D; D; N; D;","A  28   ; A  52   ; A  73   ; B  32   ; B  52   ;","A 560   ; A  80   ; A 563   ; A 492   ; A 144   ;","none; none; none; none; none","1.51 A","./target.php?radio=27363721750056492|pevt|560:A or 80:A or 563:A or 492:A or 144:A|0.8062,-0.5473,-0.2245,22.602,0.2965,0.0454,0.9540,-1.729,-0.5119,-0.8357,0.1989,-0.494,0.0,0.0,0.0,1.0&db=afhuman&afid=Q8IW92"
"P42892","ENDOTHELIN-CONVERTING ENZYME 1","T; N; D; D; T;","A  28   ; A  32   ; A  52   ; A  73   ; B  28   ;","A 642   ; A 668   ; A 671   ; A 614   ; A 439   ;","none; none; none; none; none","1.51 A","./target.php?radio=27363721750056492|jydz|642:A or 668:A or 671:A or 614:A or 439:A|0.1910,-0.9363,-0.2948,24.205,0.9262,0.0725,0.3699,-3.443,-0.3250,-0.3437,0.8811,-5.430,0.0,0.0,0.0,1.0&db=afhuman&afid=P42892"
"O60494","CUBILIN","T; D; R; T; N;","A  28   ; A  52   ; A  53   ; B  28   ; B  32   ;","A 597   ; A 601   ; A 570   ; A 101   ; A 107   ;","none; none; none; none; none","1.51 A","./target.php?radio=27363721750056492|ziaq|597:A or 601:A or 570:A or 101:A or 107:A|-0.0207,0.7634,0.6457,16.166,-0.5287,-0.5564,0.6410,-7.785,0.8485,-0.3281,0.4151,-27.633,0.0,0.0,0.0,1.0&db=afhuman&afid=O60494"
"P43652","AFAMIN","T; N; D; D; N;","A  28   ; A  32   ; A  52   ; A  73   ; A  76   ;","A 281   ; A  31   ; A  28   ; A 261   ; A 265   ;","none; none; none; none; none","1.51 A","./target.php?radio=27363721750056492|eqgp|281:A or 31:A or 28:A or 261:A or 265:A|0.5614,-0.1996,0.8031,-2.279,-0.2736,0.8711,0.4078,17.062,-0.7810,-0.4487,0.4345,-16.817,0.0,0.0,0.0,1.0&db=afhuman&afid=P43652"
"Q5H8A4","GPI ETHANOLAMINE PHOSPHATE TRANSFERASE 2","T; D; N; N; D;","A  28   ; A  52   ; A  76   ; B  32   ; B  52   ;","A 196   ; A 163   ; A 193   ; A 672   ; A 683   ;","none; none; none; none; none","1.51 A","./target.php?radio=27363721750056492|qqsv|196:A or 163:A or 193:A or 672:A or 683:A|-0.9012,-0.4311,-0.0440,30.505,0.3286,-0.7462,0.5789,-10.582,-0.2824,0.5073,0.8142,-10.806,0.0,0.0,0.0,1.0&db=afhuman&afid=Q5H8A4"
"P17600","SYNAPSIN-1","D; D; N; T; N;","A  52   ; A  73   ; A  76   ; B  28   ; B  32   ;","A 397   ; A 402   ; A 322   ; A  23   ; A  19   ;","none; none; none; none; none","1.52 A","./target.php?radio=27363721750056492|luxu|397:A or 402:A or 322:A or 23:A or 19:A|-0.5821,-0.7894,-0.1949,6.924,-0.4585,0.1208,0.8804,3.398,-0.6715,0.6019,-0.4323,-9.970,0.0,0.0,0.0,1.0&db=afhuman&afid=P17600"
"P0DPD6","ENDOTHELIN-CONVERTING ENZYME 2","T; N; D; D; T;","A  28   ; A  32   ; A  52   ; A  73   ; B  28   ;","A 683   ; A 709   ; A 712   ; A 655   ; A 480   ;","none; none; none; none; none","1.52 A","./target.php?radio=27363721750056492|dqxf|683:A or 709:A or 712:A or 655:A or 480:A|0.9342,-0.2054,0.2919,28.192,0.2400,0.9668,-0.0880,-3.971,-0.2641,0.1523,0.9524,-6.201,0.0,0.0,0.0,1.0&db=afhuman&afid=P0DPD6"
"Q8WXG9","ADHESION G-PROTEIN COUPLED RECEPTOR V1","T; N; N; T; N;","A  28   ; A  32   ; A  76   ; B  28   ; B  32   ;","A 857   ; A 900   ; A 859   ; A 928   ; A 926   ;","none; none; none; none; none","1.52 A","./target.php?radio=27363721750056492|fatt|857:A or 900:A or 859:A or 928:A or 926:A|0.0757,-0.8975,-0.4345,19.410,0.4242,-0.3654,0.8286,-4.168,-0.9024,-0.2470,0.3530,-16.778,0.0,0.0,0.0,1.0&db=afhuman&afid=Q8WXG9"
"Q8TDW7","PROTOCADHERIN FAT 3","T; D; D; N; D;","A  28   ; A  52   ; A  73   ; A  76   ; B  52   ;","A1068   ; A1125   ; A1130   ; A1155   ; A 684   ;","none; none; none; none; none","1.52 A","./target.php?radio=27363721750056492|necm|1068:A or 1125:A or 1130:A or 1155:A or 684:A|-0.6555,-0.5060,-0.5606,4.092,0.7547,-0.4144,-0.5086,-9.207,0.0250,-0.7565,0.6535,-0.130,0.0,0.0,0.0,1.0&db=afhuman&afid=Q8TDW7"
"Q7Z2W7","TRANSIENT RECEPTOR POTENTIAL CATION CHANNEL SUBFAMI","T; N; T; N; D;","A  28   ; A  32   ; B  28   ; B  32   ; B  52   ;","A 503   ; A 499   ; A 448   ; A 443   ; A 440   ;","none; none; none; none; none","1.53 A","./target.php?radio=27363721750056492|eesh|503:A or 499:A or 448:A or 443:A or 440:A|-0.3010,0.9431,-0.1415,6.497,0.3893,-0.0139,-0.9210,16.546,-0.8705,-0.3323,-0.3629,-10.190,0.0,0.0,0.0,1.0&db=afhuman&afid=Q7Z2W7"
"Q9BZH6","WD REPEAT-CONTAINING PROTEIN 11","T; D; D; N; D;","A  28   ; A  52   ; A  73   ; A  76   ; B  52   ;","A 148   ; A  99   ; A 130   ; A 145   ; A1182   ;","none; none; none; none; none","1.54 A","./target.php?radio=27363721750056492|iusc|148:A or 99:A or 130:A or 145:A or 1182:A|-0.1904,-0.7187,-0.6687,32.870,0.1096,-0.6925,0.7131,9.505,-0.9756,0.0625,0.2106,-24.024,0.0,0.0,0.0,1.0&db=afhuman&afid=Q9BZH6"
"Q8IW92","BETA-GALACTOSIDASE-1-LIKE PROTEIN 2","T; R; T; N; D;","A  28   ; A  53   ; B  28   ; B  32   ; B  52   ;","A 479   ; A 482   ; A 321   ; A 327   ; A 144   ;","none; none; none; none; none","1.54 A","./target.php?radio=27363721750056492|pevt|479:A or 482:A or 321:A or 327:A or 144:A|0.8006,0.5092,0.3160,28.134,0.3511,-0.8259,0.4411,-5.588,0.4856,-0.2422,-0.8400,11.382,0.0,0.0,0.0,1.0&db=afhuman&afid=Q8IW92"
"Q3ZCN5","OTOGELIN-LIKE PROTEIN","T; D; T; N; D;","A  28   ; A  52   ; B  28   ; B  32   ; B  52   ;","A1024   ; A1042   ; A1145   ; A1150   ; A1154   ;","none; none; none; none; none","1.54 A","./target.php?radio=27363721750056492|fwor|1024:A or 1042:A or 1145:A or 1150:A or 1154:A|0.8172,0.3412,-0.4644,68.034,-0.4912,-0.0092,-0.8710,-13.132,-0.3015,0.9399,0.1601,-21.342,0.0,0.0,0.0,1.0&db=afhuman&afid=Q3ZCN5"
"P60228","EUKARYOTIC TRANSLATION INITIATION FACTOR 3 SUBUNIT","D; R; N; N; D;","A  52   ; A  53   ; A  76   ; B  32   ; B  52   ;","A 230   ; A 229   ; A 224   ; A 302   ; A 304   ;","none; none; none; none; none","1.55 A","./target.php?radio=27363721750056492|pvqn|230:A or 229:A or 224:A or 302:A or 304:A|-0.2819,-0.8070,-0.5190,17.276,-0.9494,0.1567,0.2720,4.688,-0.1382,0.5694,-0.8104,-19.490,0.0,0.0,0.0,1.0&db=afhuman&afid=P60228"
"P05023","SODIUM/POTASSIUM-TRANSPORTING ATPASE SUBUNIT ALPHA-","R; D; N; T; D;","A  53   ; A  73   ; A  76   ; B  28   ; B  52   ;","A 837   ; A 842   ; A 846   ; A 640   ; A 680   ;","none; none; none; none; none","1.55 A","./target.php?radio=27363721750056492|hbgn|837:A or 842:A or 846:A or 640:A or 680:A|-0.2754,-0.8875,0.3694,20.405,0.9507,-0.3083,-0.0319,-6.737,0.1422,0.3424,0.9287,-15.558,0.0,0.0,0.0,1.0&db=afhuman&afid=P05023"
"Q9H8V3","PROTEIN ECT2","T; N; D; R; D;","A  28   ; A  32   ; A  52   ; A  53   ; B  52   ;","A 215   ; A 211   ; A 209   ; A 207   ; A  91   ;","none; none; none; none; none","1.55 A","./target.php?radio=27363721750056492|wxem|215:A or 211:A or 209:A or 207:A or 91:A|0.2966,-0.5204,0.8008,-3.370,-0.1942,0.7881,0.5841,10.141,-0.9350,-0.3287,0.1327,-48.622,0.0,0.0,0.0,1.0&db=afhuman&afid=Q9H8V3"
"Q9UQ52","CONTACTIN-6","T; N; D; N; T;","A  28   ; A  32   ; A  73   ; A  76   ; B  28   ;","A 374   ; A 377   ; A 333   ; A 334   ; A 491   ;","none; none; none; none; none","1.55 A","./target.php?radio=27363721750056492|dzje|374:A or 377:A or 333:A or 334:A or 491:A|-0.6331,-0.4643,-0.6193,32.020,0.6771,-0.7199,-0.1524,39.701,-0.3751,-0.5158,0.7702,-52.491,0.0,0.0,0.0,1.0&db=afhuman&afid=Q9UQ52"
"Q7Z6Z7","E3 UBIQUITIN-PROTEIN LIGASE HUWE1","T; N; R; T; D;","A  28   ; A  32   ; A  53   ; B  28   ; B  52   ;","A 233   ; A 281   ; A 280   ; A 914   ; A 173   ;","none; none; none; none; none","1.55 A","./target.php?radio=27363721750056492|ryct|233:A or 281:A or 280:A or 914:A or 173:A|0.9756,0.2183,0.0214,22.283,-0.1894,0.7889,0.5846,8.839,0.1108,-0.5744,0.8111,-12.759,0.0,0.0,0.0,1.0&db=afhuman&afid=Q7Z6Z7"
"Q96FL9","POLYPEPTIDE N-ACETYLGALACTOSAMINYLTRANSFERASE 14","N; D; D; N; D;","A  32   ; A  52   ; A  73   ; B  32   ; B  52   ;","A  80   ; A 234   ; A  72   ; A 349   ; A 345   ;","none; none; none; none; none","1.56 A","./target.php?radio=27363721750056492|nbki|80:A or 234:A or 72:A or 349:A or 345:A|0.0850,-0.4240,0.9017,25.464,0.9868,0.1610,-0.0173,-14.405,-0.1378,0.8912,0.4321,-8.321,0.0,0.0,0.0,1.0&db=afhuman&afid=Q96FL9"
"Q9NZR2","LOW-DENSITY LIPOPROTEIN RECEPTOR-RELATED PROTEIN 1B","T; D; N; N; D;","A  28   ; A  73   ; A  76   ; B  32   ; B  52   ;","A 571   ; A 553   ; A 795   ; A 690   ; A 686   ;","none; none; none; none; none","1.56 A","./target.php?radio=27363721750056492|odez|571:A or 553:A or 795:A or 690:A or 686:A|-0.7724,-0.6340,0.0375,23.481,-0.5929,0.7410,0.3152,8.179,-0.2277,0.2212,-0.9483,-24.152,0.0,0.0,0.0,1.0&db=afhuman&afid=Q9NZR2"
"P01130","LOW-DENSITY LIPOPROTEIN RECEPTOR","T; D; D; N; N;","A  28   ; A  52   ; A  73   ; A  76   ; B  32   ;","A 635   ; A 569   ; A 616   ; A 632   ; A  30   ;","none; none; none; none; none","1.56 A","./target.php?radio=27363721750056492|welc|635:A or 569:A or 616:A or 632:A or 30:A|0.1493,-0.2335,-0.9608,24.805,0.9587,-0.2037,0.1985,3.022,-0.2421,-0.9508,0.1935,-30.117,0.0,0.0,0.0,1.0&db=afhuman&afid=P01130"
"Q8IWT6","VOLUME-REGULATED ANION CHANNEL SUBUNIT LRRC8A","T; N; D; T; D;","A  28   ; A  32   ; A  52   ; B  28   ; B  52   ;","A 252   ; A 370   ; A 258   ; A 133   ; A  12   ;","none; none; none; none; none","1.56 A","./target.php?radio=27363721750056492|cqce|252:A or 370:A or 258:A or 133:A or 12:A|-0.8657,0.3287,0.3776,-22.004,-0.3961,0.0116,-0.9181,7.290,-0.3061,-0.9444,0.1201,-26.741,0.0,0.0,0.0,1.0&db=afhuman&afid=Q8IWT6"
"O43451","MALTASE-GLUCOAMYLASE, INTESTINAL","D; D; N; T; D;","A  52   ; A  73   ; A  76   ; B  28   ; B  52   ;","A1420   ; A1555   ; A1583   ; A1204   ; A1145   ;","none; none; none; none; none","1.56 A","./target.php?radio=27363721750056492|qkrw|1420:A or 1555:A or 1583:A or 1204:A or 1145:A|0.1785,0.4524,0.8738,49.141,-0.2258,0.8832,-0.4111,1.399,-0.9577,-0.1239,0.2598,22.942,0.0,0.0,0.0,1.0&db=afhuman&afid=O43451"
"Q00872","MYOSIN-BINDING PROTEIN C, SLOW-TYPE","D; R; T; N; D;","A  52   ; A  53   ; B  28   ; B  32   ; B  52   ;","A 930   ; A 852   ; A 872   ; A 889   ; A 893   ;","none; none; none; none; none","1.57 A","./target.php?radio=27363721750056492|wipv|930:A or 852:A or 872:A or 889:A or 893:A|0.0021,0.1434,0.9897,-33.903,0.9655,-0.2579,0.0354,52.756,0.2604,0.9555,-0.1390,29.948,0.0,0.0,0.0,1.0&db=afhuman&afid=Q00872"
"Q9BZQ6","ER DEGRADATION-ENHANCING ALPHA-MANNOSIDASE-LIKE PRO","T; D; N; T; D;","A  28   ; A  52   ; A  76   ; B  28   ; B  52   ;","A 513   ; A 257   ; A 511   ; A 113   ; A 486   ;","none; none; none; none; none","1.57 A","./target.php?radio=27363721750056492|uuwk|513:A or 257:A or 511:A or 113:A or 486:A|0.3163,0.9477,-0.0424,37.695,-0.6280,0.2427,0.7394,-17.390,0.7110,-0.2072,0.6720,-6.464,0.0,0.0,0.0,1.0&db=afhuman&afid=Q9BZQ6"
"P00488","COAGULATION FACTOR XIII A CHAIN","R; D; N; T; D;","A  53   ; A  73   ; A  76   ; B  28   ; B  52   ;","A 541   ; A 520   ; A 518   ; A 223   ; A 477   ;","none; none; none; none; none","1.57 A","./target.php?radio=27363721750056492|frgu|541:A or 520:A or 518:A or 223:A or 477:A|0.7195,0.3067,0.6231,40.542,0.1781,-0.9487,0.2613,6.341,0.6713,-0.0770,-0.7372,21.579,0.0,0.0,0.0,1.0&db=afhuman&afid=P00488"
"Q70CQ2","UBIQUITIN CARBOXYL-TERMINAL HYDROLASE 34","N; R; N; T; D;","A  32   ; A  53   ; A  76   ; B  28   ; B  52   ;","A 781   ; A 770   ; A 845   ; A 573   ; A 585   ;","none; none; none; none; none","1.58 A","./target.php?radio=27363721750056492|rmnj|781:A or 770:A or 845:A or 573:A or 585:A|0.0699,-0.8127,0.5784,49.204,-0.6781,-0.4640,-0.5700,-5.813,0.7317,-0.3524,-0.5835,-16.268,0.0,0.0,0.0,1.0&db=afhuman&afid=Q70CQ2"
"Q14315","FILAMIN-C","T; D; N; T; D;","A  28   ; A  73   ; A  76   ; B  28   ; B  52   ;","A 891   ; A 922   ; A 923   ; A 842   ; A 862   ;","none; none; none; none; none","1.58 A","./target.php?radio=27363721750056492|jujr|891:A or 922:A or 923:A or 842:A or 862:A|-0.7055,-0.3828,0.5965,96.548,-0.5321,0.8420,-0.0890,-5.999,-0.4682,-0.3802,-0.7977,-50.535,0.0,0.0,0.0,1.0&db=afhuman&afid=Q14315"
"Q7RTX1","TASTE RECEPTOR TYPE 1 MEMBER 1","T; N; R; T; N;","A  28   ; A  32   ; A  53   ; B  28   ; B  32   ;","A 175   ; A 191   ; A 187   ; A  90   ; A  87   ;","none; none; none; none; none","1.58 A","./target.php?radio=27363721750056492|ckpv|175:A or 191:A or 187:A or 90:A or 87:A|0.2001,0.9773,-0.0702,0.738,0.8633,-0.1420,0.4843,-8.724,0.4633,-0.1575,-0.8721,-32.724,0.0,0.0,0.0,1.0&db=afhuman&afid=Q7RTX1"
"Q9ULL4","PLEXIN-B3","T; N; D; N; D;","A  28   ; A  32   ; A  52   ; B  32   ; B  52   ;","A1597   ; A1605   ; A1590   ; A1808   ; A1503   ;","none; none; none; none; none","1.58 A","./target.php?radio=27363721750056492|kovr|1597:A or 1605:A or 1590:A or 1808:A or 1503:A|-0.7506,0.5408,-0.3795,35.880,0.6131,0.3561,-0.7052,-45.241,-0.2462,-0.7620,-0.5989,-6.056,0.0,0.0,0.0,1.0&db=afhuman&afid=Q9ULL4"
"Q5K651","STERILE ALPHA MOTIF DOMAIN-CONTAINING PROTEIN 9","T; N; N; N; D;","A  28   ; A  32   ; A  76   ; B  32   ; B  52   ;","A 767   ; A 477   ; A 765   ; A 418   ; A 443   ;","none; none; none; none; none","1.58 A","./target.php?radio=27363721750056492|vxjz|767:A or 477:A or 765:A or 418:A or 443:A|-0.9211,0.3547,-0.1602,8.067,-0.2731,-0.8823,-0.3834,8.760,-0.2774,-0.3094,0.9096,-21.978,0.0,0.0,0.0,1.0&db=afhuman&afid=Q5K651"
"Q8TEB1","DDB1- AND CUL4-ASSOCIATED FACTOR 11","D; R; D; T; D;","A  52   ; A  53   ; A  73   ; B  28   ; B  52   ;","A 356   ; A  51   ; A 329   ; A 195   ; A 216   ;","none; none; none; none; none","1.58 A","./target.php?radio=27363721750056492|frwd|356:A or 51:A or 329:A or 195:A or 216:A|-0.7547,0.0314,0.6554,32.387,-0.5582,-0.5558,-0.6161,7.428,0.3449,-0.8307,0.4369,-10.441,0.0,0.0,0.0,1.0&db=afhuman&afid=Q8TEB1"
"P54756","EPHRIN TYPE-A RECEPTOR 5","N; R; D; T; N;","A  32   ; A  53   ; A  73   ; B  28   ; B  32   ;","A 805   ; A 804   ; A 762   ; A 150   ; A 196   ;","none; none; none; none; none","1.58 A","./target.php?radio=27363721750056492|wpmb|805:A or 804:A or 762:A or 150:A or 196:A|-0.5395,0.1259,0.8325,-8.350,-0.6652,0.5425,-0.5131,-8.103,-0.5162,-0.8306,-0.2089,-13.195,0.0,0.0,0.0,1.0&db=afhuman&afid=P54756"
"Q5RL73","RNA-BINDING PROTEIN 48","R; D; T; N; D;","A  53   ; A  73   ; B  28   ; B  32   ; B  52   ;","A 287   ; A 291   ; A 329   ; A 327   ; A 320   ;","none; none; none; none; none","1.58 A","./target.php?radio=27363721750056492|sfnj|287:A or 291:A or 329:A or 327:A or 320:A|-0.5689,0.8197,0.0674,12.250,0.0300,-0.0612,0.9977,24.552,0.8219,0.5696,0.0103,-39.725,0.0,0.0,0.0,1.0&db=afhuman&afid=Q5RL73"
"Q96JB1","DYNEIN HEAVY CHAIN 8, AXONEMAL","T; N; D; T; D;","A  28   ; A  32   ; A  52   ; B  28   ; B  52   ;","A 645   ; A 654   ; A 657   ; A 319   ; A 323   ;","none; none; none; none; none","1.58 A","./target.php?radio=27363721750056492|rlcf|645:A or 654:A or 657:A or 319:A or 323:A|0.0434,-0.4693,-0.8820,-1.176,-0.9105,0.3448,-0.2283,1.986,0.4113,0.8129,-0.4123,-10.583,0.0,0.0,0.0,1.0&db=afhuman&afid=Q96JB1"
"Q9NZR2","LOW-DENSITY LIPOPROTEIN RECEPTOR-RELATED PROTEIN 1B","T; D; N; N; D;","A  28   ; A  73   ; A  76   ; B  32   ; B  52   ;","A 971   ; A 953   ; A1195   ; A1090   ; A1086   ;","none; none; none; none; none","1.58 A","./target.php?radio=27363721750056492|xvxi|971:A or 953:A or 1195:A or 1090:A or 1086:A|0.4708,-0.4896,-0.7339,27.345,-0.8810,-0.2172,-0.4203,1.603,0.0464,0.8445,-0.5336,-11.584,0.0,0.0,0.0,1.0&db=afhuman&afid=Q9NZR2"
"Q59H18","SERINE/THREONINE-PROTEIN KINASE TNNI3K","N; R; T; N; D;","A  32   ; A  53   ; B  28   ; B  32   ; B  52   ;","A 530   ; A 449   ; A 640   ; A 620   ; A 619   ;","none; none; none; none; none","1.58 A","./target.php?radio=27363721750056492|lwpr|530:A or 449:A or 640:A or 620:A or 619:A|-0.5917,-0.4520,0.6675,49.459,-0.6091,0.7931,-0.0029,-20.534,-0.5281,-0.4083,-0.7446,-6.304,0.0,0.0,0.0,1.0&db=afhuman&afid=Q59H18"
"Q96N23","CILIA- AND FLAGELLA-ASSOCIATED PROTEIN 54","T; N; T; N; D;","A  28   ; A  32   ; B  28   ; B  32   ; B  52   ;","A 140   ; A 285   ; A 332   ; A 329   ; A 321   ;","none; none; none; none; none","1.58 A","./target.php?radio=27363721750056492|fifo|140:A or 285:A or 332:A or 329:A or 321:A|-0.5329,-0.8456,-0.0306,12.327,-0.3007,0.2230,-0.9273,16.083,0.7909,-0.4849,-0.3732,6.025,0.0,0.0,0.0,1.0&db=afhuman&afid=Q96N23"
"P11388","DNA TOPOISOMERASE 2-ALPHA","N; D; N; N; D;","A  32   ; A  52   ; A  76   ; B  32   ; B  52   ;","A 667   ; A 671   ; A 696   ; A 833   ; A 832   ;","none; none; none; none; none","1.59 A","./target.php?radio=27363721750056492|pibu|667:A or 671:A or 696:A or 833:A or 832:A|-0.7157,0.4692,0.5173,-7.966,-0.4328,0.2833,-0.8558,-5.630,-0.5481,-0.8364,0.0003,-6.376,0.0,0.0,0.0,1.0&db=afhuman&afid=P11388"
"P04275","VON WILLEBRAND FACTOR","D; D; N; T; D;","A  52   ; A  73   ; A  76   ; B  28   ; B  52   ;","A 400   ; A 366   ; A 368   ; A 577   ; A1040   ;","none; none; none; none; none","1.59 A","./target.php?radio=27363721750056492|wuje|400:A or 366:A or 368:A or 577:A or 1040:A|-0.9528,0.1061,0.2845,14.167,0.3034,0.3633,0.8809,-12.549,-0.0099,0.9256,-0.3783,-8.000,0.0,0.0,0.0,1.0&db=afhuman&afid=P04275"
"Q4FZB7","HISTONE-LYSINE N-METHYLTRANSFERASE KMT5B","N; D; N; T; D;","A  32   ; A  73   ; A  76   ; B  28   ; B  52   ;","A 101   ; A  81   ; A  80   ; A 329   ; A 309   ;","none; none; none; none; none","1.59 A","./target.php?radio=27363721750056492|dxcc|101:A or 81:A or 80:A or 329:A or 309:A|-0.5690,0.0243,-0.8220,17.080,-0.5207,0.7631,0.3830,4.434,0.6365,0.6459,-0.4216,-10.561,0.0,0.0,0.0,1.0&db=afhuman&afid=Q4FZB7"
"Q15751","PROBABLE E3 UBIQUITIN-PROTEIN LIGASE HERC1","N; D; D; N; D;","A  32   ; A  52   ; A  73   ; B  32   ; B  52   ;","A 391   ; A 390   ; A 398   ; A 362   ; A 379   ;","none; none; none; none; none","1.59 A","./target.php?radio=27363721750056492|ybiu|391:A or 390:A or 398:A or 362:A or 379:A|0.0344,0.8897,-0.4552,19.611,-0.8981,-0.1723,-0.4047,-6.221,-0.4385,0.4227,0.7931,4.019,0.0,0.0,0.0,1.0&db=afhuman&afid=Q15751"
"Q70CQ2","UBIQUITIN CARBOXYL-TERMINAL HYDROLASE 34","N; R; N; T; D;","A  32   ; A  53   ; A  76   ; B  28   ; B  52   ;","A 381   ; A 370   ; A 445   ; A 173   ; A 185   ;","none; none; none; none; none","1.59 A","./target.php?radio=27363721750056492|dvcz|381:A or 370:A or 445:A or 173:A or 185:A|0.1019,-0.7006,-0.7062,39.759,0.7643,0.5095,-0.3952,-33.436,0.6367,-0.4995,0.5874,0.246,0.0,0.0,0.0,1.0&db=afhuman&afid=Q70CQ2"
"Q6N022","TENEURIN-4","T; D; N; N; D;","A  28   ; A  52   ; A  76   ; B  32   ; B  52   ;","A 568   ; A 595   ; A 577   ; A1072   ; A1070   ;","none; none; none; none; none","1.59 A","./target.php?radio=27363721750056492|kmau|568:A or 595:A or 577:A or 1072:A or 1070:A|0.4347,-0.6049,0.6672,24.220,0.6917,-0.2502,-0.6775,5.534,0.5767,0.7560,0.3096,-10.721,0.0,0.0,0.0,1.0&db=afhuman&afid=Q6N022"
